           2          66
   0.0000000000000000        4.5868133541426359E-018   0.0000000000000000     
   2.0000000000000000        4.5868133541426359E-018   0.0000000000000000     
   4.0000000000000000        1.7736775993259139E-017   0.0000000000000000     
   6.0000000000000000        7.4889498378857435E-017   0.0000000000000000     
   8.0000000000000000        3.0890083219374275E-016   0.0000000000000000     
   10.000000000000000        1.3037817691176064E-015   0.0000000000000000     
   12.000000000000000        4.7629576932005365E-015   0.0000000000000000     
   14.000000000000000        2.0073807613702750E-014   0.0000000000000000     
   16.000000000000000        8.6806111869420578E-014   0.0000000000000000     
   18.000000000000000        4.2610445679814566E-013   0.0000000000000000     
   20.000000000000000        1.9135374906803957E-012   0.0000000000000000     
   22.000000000000000        7.8655726187984915E-012   0.0000000000000000     
   24.000000000000000        3.1865388575086725E-011   0.0000000000000000     
   26.000000000000000        1.4596082746657089E-010   1.5640956061269369E-007
   28.000000000000000        6.1402067191957032E-010   0.0000000000000000     
   30.000000000000000        2.5330217350406017E-009   0.0000000000000000     
   32.000000000000000        1.1093315508549218E-008  -2.3988910168857355E-007
   34.000000000000000        4.1515781675531049E-008   2.8131060126812228E-007
   36.000000000000000        1.9133510285522927E-007   0.0000000000000000     
   38.000000000000000        2.9277008082134865E-007   2.3461196428341822E-007
   40.000000000000000        3.5494514413060655E-007   3.2977629614363915E-007
   42.000000000000000        5.7698130834201814E-007   5.6670163936351798E-007
   44.000000000000000        1.2736208466126812E-006   1.3266632788405162E-006
   46.000000000000000        3.3160141540991808E-006   3.2302230562600351E-006
   48.000000000000000        1.2135716901929798E-005   1.2047407224583547E-005
   50.000000000000000        3.7354491136299593E-005   3.5948924603387155E-005
   52.000000000000000        1.0569894260021148E-004   1.0111004894019971E-004
   54.000000000000000        1.6231368847903802E-004   1.6259274415505708E-004
   56.000000000000000        1.2332825738466555E-004   1.3133254622448571E-004
   58.000000000000000        4.8233385408603778E-005   5.5864913440614942E-005
   60.000000000000000        1.3157510997388004E-005   1.8889369798960728E-005
   62.000000000000000       -4.0579477231997901E-007   2.9844270897869606E-006
   64.000000000000000       -4.2915676426758474E-006  -1.9047993262968135E-006
   66.000000000000000       -4.4013539499076657E-006  -3.1638565886071900E-006
   68.000000000000000       -3.2402541936430288E-006  -2.9859722043883924E-006
   70.000000000000000       -2.7309434364534790E-006  -2.0184788044579365E-006
   72.000000000000000       -2.2206498437159030E-006  -1.7719437134895126E-006
   74.000000000000000       -1.6996807539826270E-006   9.6320126550989137E-007
   76.000000000000000       -1.2687893770423166E-006  -6.6945736305545318E-006
   78.000000000000000       -9.1147285358942193E-007   2.9712825857880228E-007
   80.000000000000000       -6.0102083060893126E-007   1.4442185884210010E-007
   82.000000000000000       -3.4772927351548463E-007   5.8317040621892839E-008
   84.000000000000000       -1.7609381619601005E-007   1.9811743887023292E-008
   86.000000000000000       -8.1844133028648382E-008   6.2065163443736154E-009
   88.000000000000000       -4.2575309835664354E-008   2.3939790433466250E-009
   90.000000000000000       -2.7012648294122631E-008   1.2285196040852598E-009
   92.000000000000000       -1.8525946022364018E-008   7.1056359547317447E-010
   94.000000000000000       -1.3987240573566094E-008   4.7347744555175645E-010
   96.000000000000000       -1.2158539789612806E-008   3.9102010882928682E-010
   98.000000000000000       -2.6101320926518919E-008   4.1764660077951712E-010
   100.00000000000000       -1.4044010603907202E-008   7.4994642492390122E-010
   102.00000000000000       -6.4564008397712314E-009   1.0025543636465409E-009
   104.00000000000000       -2.9162634364134057E-009   4.8787478115845185E-010
   106.00000000000000       -1.2324099204794074E-009   2.1064133805582597E-010
   108.00000000000000       -5.8146690385929139E-010   9.4018396493204612E-011
   110.00000000000000       -2.6079605602687936E-010   3.7727408751958305E-011
   112.00000000000000       -1.2745262113332623E-010   1.5239576465429439E-011
   116.00000000000000       -3.9040910523900958E-011   5.1256164736900655E-012
   120.00000000000000       -3.6664956271563134E-011   5.1041702466213182E-013
   124.00000000000000       -4.0547393594077877E-011   0.0000000000000000     
   128.00000000000000       -1.8368030324187209E-010   0.0000000000000000     
   132.00000000000000       -6.6782026560200583E-010   6.0163987892072594E-012
   136.00000000000000       -1.6813155060000300E-009   2.1016443825000378E-011
   140.00000000000000       -2.5196031144205407E-009   6.8097381470825424E-011
   144.00000000000000       -1.9988291288284871E-009   0.0000000000000000     
   148.00000000000000       -1.4778580659625947E-009   0.0000000000000000     
