           2          66
   0.0000000000000000        1293.9999991026209        1294.0000000000000     
   2.0000000000000000        1225.0000078724886        1225.0000000000000     
   4.0000000000000000        1157.0000027679969        1157.0000000000000     
   6.0000000000000000        1089.9999946272449        1090.0000000000000     
   8.0000000000000000        1025.0000061405372        1025.0000000000000     
   10.000000000000000        960.00000670996633        960.00000000000000     
   12.000000000000000        897.00000071449347        897.00000000000000     
   14.000000000000000        841.80001902986044        841.79999999999995     
   16.000000000000000        786.79997394871839        786.79999999999995     
   18.000000000000000        730.79993741620785        730.79999999999995     
   20.000000000000000        668.10005812606266        668.10000000000002     
   22.000000000000000        602.90008425960139        602.89999999999998     
   24.000000000000000        538.89997843567085        538.89999999999998     
   26.000000000000000        478.09999251996584        478.10000000000002     
   28.000000000000000        416.30007846210304        416.30000000000001     
   30.000000000000000        357.70006314182177        357.69999999999999     
   32.000000000000000        303.89995334765382        303.89999999999998     
   34.000000000000000        256.20009000370402        256.19999999999999     
   36.000000000000000        216.99998590513417        217.00000000000000     
   38.000000000000000        181.39998993299955        181.40000000000001     
   40.000000000000000        153.49996303746155        153.50000000000000     
   42.000000000000000        130.69996472956956        130.69999999999999     
   44.000000000000000        111.89998811895194        111.90000000000001     
   46.000000000000000        95.320087947777651        95.319999999999993     
   48.000000000000000        79.430050882551143        79.430000000000007     
   50.000000000000000        61.940003987085284        61.939999999999998     
   52.000000000000000        46.120014307456557        46.119999999999997     
   54.000000000000000        30.939987033615338        30.940000000000001     
   56.000000000000000        19.049990142308523        19.050000000000001     
   58.000000000000000        11.769995981763520        11.770000000000000     
   60.000000000000000        7.3469962595411245        7.3470000000000004     
   62.000000000000000        4.2519974634686610        4.2519999999999998     
   64.000000000000000        2.4549994584848300        2.4550000000000001     
   66.000000000000000        1.4870001457101609        1.4870000000000001     
   68.000000000000000       0.96300067486168750       0.96299999999999997     
   70.000000000000000       0.53960013931125717       0.53959999999999997     
   72.000000000000000       0.28589995550020980       0.28589999999999999     
   74.000000000000000       0.14459993966302401       0.14460000000000001     
   76.000000000000000        6.8560021116983158E-002   6.8559999999999996E-002
   78.000000000000000        3.0269996370274544E-002   3.0269999999999998E-002
   80.000000000000000        1.1899991086437489E-002   1.1900000000000001E-002
   82.000000000000000        4.3269968359668344E-003   4.3270000000000001E-003
   84.000000000000000        1.5699999319989479E-003   1.5700000000000000E-003
   86.000000000000000        6.7659997897189601E-004   6.7659999999999997E-004
   88.000000000000000        3.4379997719016081E-004   3.4380000000000001E-004
   90.000000000000000        1.8679994320755898E-004   1.8679999999999999E-004
   92.000000000000000        1.1029999881624271E-004   1.1030000000000000E-004
   94.000000000000000        7.1969967596810335E-005   7.1970000000000004E-005
   96.000000000000000        5.0160030011736430E-005   5.0160000000000001E-005
   98.000000000000000        3.5100026594463827E-005   3.5099999999999999E-005
   100.00000000000000        1.8929994712575547E-005   1.8930000000000000E-005
   102.00000000000000        6.2779988440977284E-006   6.2779999999999999E-006
   104.00000000000000        1.4716913467754915E-006   1.9360000000000002E-006
   106.00000000000000        2.7915152157656365E-007   5.5329999999999996E-007
   108.00000000000000        5.1654506999959362E-008   1.4910000000000001E-007
   110.00000000000000        9.1722204864116974E-009   3.7910000000000000E-008
   112.00000000000000        1.4236935132890664E-009   9.6899999999999994E-009
   116.00000000000000        2.7355158972533613E-010   4.7489999999999998E-010
   120.00000000000000        1.6369998350539855E-010   1.6369999999999999E-010
   124.00000000000000        1.4190005256555279E-010   1.4190000000000000E-010
   128.00000000000000        1.0689997508653004E-010   1.0690000000000000E-010
   132.00000000000000        6.1349961340406287E-011   6.1350000000000000E-011
   136.00000000000000        2.5620002269832102E-011   2.5620000000000001E-011
   140.00000000000000        6.5680876100858738E-012   6.6299999999999998E-012
   144.00000000000000        8.9259976449202451E-013   8.9259999999999995E-013
   148.00000000000000        0.0000000000000000        0.0000000000000000     
