           2          66
   0.0000000000000000        64.257232511351120        64.269999999999996     
   2.0000000000000000        61.818784364771616        61.829999999999998     
   4.0000000000000000        59.394449942896834        59.399999999999999     
   6.0000000000000000        56.985110118732841        56.990000000000002     
   8.0000000000000000        54.591717731095308        54.600000000000001     
   10.000000000000000        52.215304712763036        52.219999999999999     
   12.000000000000000        49.856990021919387        49.859999999999999     
   14.000000000000000        47.809263418181985        47.820000000000000     
   16.000000000000000        45.777201647412234        45.780000000000001     
   18.000000000000000        43.761752001738813        43.770000000000003     
   20.000000000000000        41.480035621123449        41.479999999999997     
   22.000000000000000        39.082801822210662        39.090000000000003     
   24.000000000000000        36.715610343705180        36.719999999999999     
   26.000000000000000        34.517243155698885        34.520000000000003     
   28.000000000000000        32.215396074463094        32.219999999999999     
   30.000000000000000        29.951318809279840        29.949999999999999     
   32.000000000000000        27.728182745271173        27.730000000000000     
   34.000000000000000        25.549486996170245        25.550000000000001     
   36.000000000000000        23.667086439380945        23.670000000000002     
   38.000000000000000        21.703921589538609        21.710000000000001     
   40.000000000000000        20.026996593083862        20.030000000000001     
   42.000000000000000        18.506563189032395        18.510000000000002     
   44.000000000000000        17.136623394876054        17.140000000000001     
   46.000000000000000        15.800991829738750        15.800000000000001     
   48.000000000000000        14.395325615674377        14.400000000000000     
   50.000000000000000        12.626786614795343        12.630000000000001     
   52.000000000000000        10.943834256876867        10.940000000000000     
   54.000000000000000        9.0840364638068447        9.0850000000000009     
   56.000000000000000        7.2852285329846307        7.2859999999999996     
   58.000000000000000        5.9557958070308450        5.9560000000000004     
   60.000000000000000        5.1604029972903884        5.1609999999999996     
   62.000000000000000        4.4191877232481351        4.4199999999999999     
   64.000000000000000        3.9156035226280403        3.9159999999999999     
   66.000000000000000        3.4438842262757965        3.4440000000000000     
   68.000000000000000        3.4977814174186026        3.4980000000000002     
   70.000000000000000        3.2771933129306929        3.2770000000000001     
   72.000000000000000        3.0143088622820509        3.0129999999999999     
   74.000000000000000        2.7839027356835238        2.7669999999999999     
   76.000000000000000        2.5532007348746588        2.5070000000000001     
   78.000000000000000        2.3392527358723698        2.2850000000000001     
   80.000000000000000        2.1168384206078601        2.0690000000000000     
   82.000000000000000        1.9175624734182690        1.8979999999999999     
   84.000000000000000        1.7753277738701527        1.7849999999999999     
   86.000000000000000        1.6987798946011856        1.7260000000000000     
   88.000000000000000        1.6650087589208837        1.7010000000000001     
   90.000000000000000        1.6516128102736751        1.6910000000000001     
   92.000000000000000        1.6467095015288034        1.6870000000000001     
   94.000000000000000        1.6450027120808004        1.6859999999999999     
   96.000000000000000        1.6444227156357392        1.6850000000000001     
   98.000000000000000        1.6442274789138065        1.6850000000000001     
   100.00000000000000        1.6441631262690704        1.6850000000000001     
   102.00000000000000        1.6441381008222513        1.6850000000000001     
   104.00000000000000        1.6441278529977679        1.6850000000000001     
   106.00000000000000        1.6441238189230332        1.6850000000000001     
   108.00000000000000        1.6441222383158023        1.6850000000000001     
   110.00000000000000        1.6441216856226875        1.6850000000000001     
   112.00000000000000        1.6441215319301890        1.6850000000000001     
   116.00000000000000        1.6441214887766107        1.6850000000000001     
   120.00000000000000        1.6441214766603400        1.6850000000000001     
   124.00000000000000        1.6441214734396505        1.6850000000000001     
   128.00000000000000        1.6441214724994382        1.6850000000000001     
   132.00000000000000        1.6441214721503452        1.6850000000000001     
   136.00000000000000        1.6441214720140331        1.6850000000000001     
   140.00000000000000        1.6441214719602422        1.6850000000000001     
   144.00000000000000        1.6441214719392938        1.6850000000000001     
   148.00000000000000        1.6441214719318900        1.6850000000000001     
