    0.0  0.4598E+03  0.4598E+03  0.9783E+01  0.9783E+01
    2.0  0.4406E+03  0.4406E+03  0.9384E+01  0.9384E+01
    4.0  0.4217E+03  0.4217E+03  0.8988E+01  0.8988E+01
    6.0  0.4029E+03  0.4029E+03  0.8595E+01  0.8595E+01
    8.0  0.3842E+03  0.3842E+03  0.8205E+01  0.8205E+01
   10.0  0.3658E+03  0.3658E+03  0.7819E+01  0.7819E+01
   12.0  0.3475E+03  0.3475E+03  0.7437E+01  0.7437E+01
   14.0  0.3318E+03  0.3318E+03  0.7106E+01  0.7106E+01
   16.0  0.3161E+03  0.3161E+03  0.6778E+01  0.6778E+01
   18.0  0.3007E+03  0.3007E+03  0.6454E+01  0.6454E+01
   20.0  0.2833E+03  0.2833E+03  0.6088E+01  0.6088E+01
   22.0  0.2651E+03  0.2651E+03  0.5705E+01  0.5705E+01
   24.0  0.2472E+03  0.2472E+03  0.5328E+01  0.5328E+01
   26.0  0.2306E+03  0.2306E+03  0.4979E+01  0.4979E+01
   28.0  0.2134E+03  0.2134E+03  0.4616E+01  0.4616E+01
   30.0  0.1966E+03  0.1966E+03  0.4260E+01  0.4260E+01
   32.0  0.1802E+03  0.1802E+03  0.3913E+01  0.3913E+01
   34.0  0.1642E+03  0.1642E+03  0.3575E+01  0.3575E+01
   36.0  0.1506E+03  0.1506E+03  0.3285E+01  0.3285E+01
   38.0  0.1365E+03  0.1365E+03  0.2984E+01  0.2984E+01
   40.0  0.1245E+03  0.1245E+03  0.2729E+01  0.2729E+01
   42.0  0.1138E+03  0.1138E+03  0.2500E+01  0.2500E+01
   44.0  0.1042E+03  0.1042E+03  0.2295E+01  0.2295E+01
   46.0  0.9490E+02  0.9492E+02  0.2096E+01  0.2096E+01
   48.0  0.8525E+02  0.8529E+02  0.1888E+01  0.1889E+01
   50.0  0.7328E+02  0.7334E+02  0.1630E+01  0.1631E+01
   52.0  0.6206E+02  0.6219E+02  0.1388E+01  0.1389E+01
   54.0  0.4988E+02  0.5017E+02  0.1126E+01  0.1126E+01
   56.0  0.3838E+02  0.3893E+02  0.8773E+00  0.8777E+00
   58.0  0.2993E+02  0.3096E+02  0.6982E+00  0.6988E+00
   60.0  0.2439E+02  0.2636E+02  0.5933E+00  0.5940E+00
   62.0  0.1923E+02  0.2241E+02  0.4973E+00  0.4982E+00
   64.0  0.1552E+02  0.1985E+02  0.4331E+00  0.4342E+00
   66.0  0.1261E+02  0.1771E+02  0.3746E+00  0.3752E+00
   68.0  0.1166E+02  0.1766E+02  0.3809E+00  0.3816E+00
   70.0  0.9740E+01  0.1689E+02  0.3521E+00  0.3542E+00
   72.0  0.7773E+01  0.1601E+02  0.3176E+00  0.3215E+00
   74.0  0.5856E+01  0.1527E+02  0.2832E+00  0.2907E+00
   76.0  0.4026E+01  0.1460E+02  0.2429E+00  0.2570E+00
   78.0  0.2493E+01  0.1408E+02  0.2016E+00  0.2264E+00
   80.0  0.1332E+01  0.1364E+02  0.1537E+00  0.1917E+00
   82.0  0.6229E+00  0.1333E+02  0.1085E+00  0.1594E+00
   84.0  0.2660E+00  0.1314E+02  0.7073E-01  0.1317E+00
   86.0  0.1159E+00  0.1304E+02  0.4691E-01  0.1145E+00
   88.0  0.5235E-01  0.1300E+02  0.3304E-01  0.1055E+00
   90.0  0.2294E-01  0.1299E+02  0.2391E-01  0.1001E+00
   92.0  0.9638E-02  0.1298E+02  0.1806E-01  0.9691E-01
   94.0  0.3950E-02  0.1298E+02  0.1430E-01  0.9509E-01
   96.0  0.1644E-02  0.1298E+02  0.1196E-01  0.9443E-01
   98.0  0.7134E-03  0.1298E+02  0.1039E-01  0.9437E-01
  100.0  0.2689E-03  0.1298E+02  0.8955E-02  0.9590E-01
  102.0  0.7240E-04  0.1298E+02  0.5595E-02  0.9547E-01
  104.0  0.1844E-04  0.1298E+02  0.3493E-02  0.9465E-01
  106.0  0.4386E-05  0.1298E+02  0.2159E-02  0.9396E-01
  108.0  0.1013E-05  0.1298E+02  0.1304E-02  0.9346E-01
  110.0  0.2267E-06  0.1298E+02  0.7420E-03  0.9312E-01
  112.0  0.5529E-07  0.1298E+02  0.3852E-03  0.9290E-01
  116.0  0.2102E-08  0.1298E+02  0.6918E-04  0.9265E-01
  120.0  0.4540E-09  0.1298E+02  0.2377E-04  0.9259E-01
  124.0  0.3628E-09  0.1298E+02  0.1734E-04  0.9258E-01
  128.0  0.2645E-09  0.1298E+02  0.1051E-04  0.9258E-01
  132.0  0.1502E-09  0.1298E+02  0.5019E-05  0.9258E-01
  136.0  0.6322E-10  0.1298E+02  0.1955E-05  0.9258E-01
  140.0  0.1695E-10  0.1298E+02  0.5794E-06  0.9258E-01
  144.0  0.2365E-11  0.1298E+02  0.1176E-06  0.9258E-01
  148.0  0.0000E+00  0.1298E+02  0.0000E+00  0.9258E-01
