    0.0  0.1328E+03  0.1328E+03  0.6427E+02  0.6427E+02
    2.0  0.1276E+03  0.1276E+03  0.6183E+02  0.6183E+02
    4.0  0.1226E+03  0.1226E+03  0.5940E+02  0.5940E+02
    6.0  0.1175E+03  0.1175E+03  0.5699E+02  0.5699E+02
    8.0  0.1125E+03  0.1125E+03  0.5460E+02  0.5460E+02
   10.0  0.1075E+03  0.1075E+03  0.5222E+02  0.5222E+02
   12.0  0.1025E+03  0.1025E+03  0.4986E+02  0.4986E+02
   14.0  0.9825E+02  0.9825E+02  0.4782E+02  0.4782E+02
   16.0  0.9399E+02  0.9399E+02  0.4578E+02  0.4578E+02
   18.0  0.8977E+02  0.8977E+02  0.4377E+02  0.4377E+02
   20.0  0.8500E+02  0.8500E+02  0.4148E+02  0.4148E+02
   22.0  0.7999E+02  0.7999E+02  0.3909E+02  0.3909E+02
   24.0  0.7504E+02  0.7504E+02  0.3672E+02  0.3672E+02
   26.0  0.7046E+02  0.7046E+02  0.3452E+02  0.3452E+02
   28.0  0.6566E+02  0.6566E+02  0.3222E+02  0.3222E+02
   30.0  0.6094E+02  0.6094E+02  0.2995E+02  0.2995E+02
   32.0  0.5632E+02  0.5632E+02  0.2773E+02  0.2773E+02
   34.0  0.5180E+02  0.5180E+02  0.2555E+02  0.2555E+02
   36.0  0.4789E+02  0.4789E+02  0.2367E+02  0.2367E+02
   38.0  0.4383E+02  0.4383E+02  0.2171E+02  0.2171E+02
   40.0  0.4036E+02  0.4036E+02  0.2003E+02  0.2003E+02
   42.0  0.3722E+02  0.3722E+02  0.1851E+02  0.1851E+02
   44.0  0.3440E+02  0.3440E+02  0.1714E+02  0.1714E+02
   46.0  0.3165E+02  0.3165E+02  0.1580E+02  0.1580E+02
   48.0  0.2876E+02  0.2876E+02  0.1440E+02  0.1440E+02
   50.0  0.2514E+02  0.2514E+02  0.1263E+02  0.1263E+02
   52.0  0.2170E+02  0.2170E+02  0.1094E+02  0.1094E+02
   54.0  0.1792E+02  0.1792E+02  0.9084E+01  0.9085E+01
   56.0  0.1428E+02  0.1428E+02  0.7285E+01  0.7286E+01
   58.0  0.1160E+02  0.1160E+02  0.5955E+01  0.5956E+01
   60.0  0.1001E+02  0.1001E+02  0.5160E+01  0.5161E+01
   62.0  0.8528E+01  0.8529E+01  0.4418E+01  0.4420E+01
   64.0  0.7527E+01  0.7527E+01  0.3912E+01  0.3916E+01
   66.0  0.6590E+01  0.6590E+01  0.3442E+01  0.3444E+01
   68.0  0.6703E+01  0.6703E+01  0.3493E+01  0.3498E+01
   70.0  0.6254E+01  0.6255E+01  0.3256E+01  0.3277E+01
   72.0  0.5715E+01  0.5719E+01  0.2952E+01  0.3013E+01
   74.0  0.5200E+01  0.5208E+01  0.2595E+01  0.2767E+01
   76.0  0.4614E+01  0.4632E+01  0.2128E+01  0.2507E+01
   78.0  0.4052E+01  0.4096E+01  0.1567E+01  0.2285E+01
   80.0  0.3347E+01  0.3451E+01  0.9460E+00  0.2069E+01
   82.0  0.2580E+01  0.2819E+01  0.4457E+00  0.1898E+01
   84.0  0.1797E+01  0.2246E+01  0.1671E+00  0.1785E+01
   86.0  0.1197E+01  0.1873E+01  0.5625E-01  0.1726E+01
   88.0  0.7809E+00  0.1678E+01  0.1798E-01  0.1701E+01
   90.0  0.4911E+00  0.1568E+01  0.5550E-02  0.1691E+01
   92.0  0.3096E+00  0.1508E+01  0.1748E-02  0.1687E+01
   94.0  0.2040E+00  0.1478E+01  0.5882E-03  0.1686E+01
   96.0  0.1453E+00  0.1470E+01  0.2155E-03  0.1685E+01
   98.0  0.1120E+00  0.1470E+01  0.8629E-04  0.1685E+01
  100.0  0.8840E-01  0.1487E+01  0.3200E-04  0.1685E+01
  102.0  0.5476E-01  0.1483E+01  0.9646E-05  0.1685E+01
  104.0  0.3398E-01  0.1476E+01  0.2835E-05  0.1685E+01
  106.0  0.2127E-01  0.1470E+01  0.8086E-06  0.1685E+01
  108.0  0.1355E-01  0.1465E+01  0.2325E-06  0.1685E+01
  110.0  0.8662E-02  0.1462E+01  0.6778E-07  0.1685E+01
  112.0  0.5476E-02  0.1460E+01  0.2144E-07  0.1685E+01
  116.0  0.1910E-02  0.1457E+01  0.1873E-08  0.1685E+01
  120.0  0.8681E-03  0.1456E+01  0.4276E-09  0.1685E+01
  124.0  0.8984E-03  0.1456E+01  0.2224E-09  0.1685E+01
  128.0  0.9017E-03  0.1456E+01  0.1168E-09  0.1685E+01
  132.0  0.7855E-03  0.1456E+01  0.5396E-10  0.1685E+01
  136.0  0.5446E-03  0.1456E+01  0.2102E-10  0.1685E+01
  140.0  0.2709E-03  0.1456E+01  0.6182E-11  0.1685E+01
  144.0  0.9218E-04  0.1456E+01  0.1222E-11  0.1685E+01
  148.0  0.0000E+00  0.1456E+01  0.0000E+00  0.1685E+01
