    0.0  0.4405E+01  0.1642E+02  0.7231E-01  0.3406E+01
    1.0  0.4062E+01  0.1558E+02  0.6774E-01  0.3214E+01
    2.0  0.3733E+01  0.1461E+02  0.6348E-01  0.3001E+01
    3.0  0.3409E+01  0.1392E+02  0.6032E-01  0.2853E+01
    4.0  0.3014E+01  0.1298E+02  0.5561E-01  0.2645E+01
    5.0  0.2624E+01  0.1201E+02  0.5107E-01  0.2430E+01
    6.0  0.2244E+01  0.1108E+02  0.4671E-01  0.2224E+01
    7.0  0.1881E+01  0.1021E+02  0.4257E-01  0.2028E+01
    8.0  0.1541E+01  0.9375E+01  0.3856E-01  0.1839E+01
    9.0  0.1236E+01  0.8162E+01  0.3474E-01  0.1540E+01
   10.0  0.9713E+00  0.7294E+01  0.3112E-01  0.1333E+01
   11.0  0.7502E+00  0.6441E+01  0.2761E-01  0.1126E+01
   12.0  0.5742E+00  0.2270+224  0.2443E-01  0.6314+223
   13.0  0.4386E+00  0.4905E+01  0.2139E-01  0.7456E+00
   14.0  0.3399E+00  0.1784+224  0.1853E-01  0.4946+223
   15.0  0.2734E+00  0.4461E+01  0.1601E-01  0.6533E+00
   16.0  0.2345E+00  0.4113E+01  0.1450E-01  0.5677E+00
   17.0  0.2135E+00  0.3852E+01  0.1487E-01  0.5034E+00
   18.0  0.1975E+00  0.3720E+01  0.1637E-01  0.4729E+00
   19.0  0.1808E+00  0.3652E+01  0.1782E-01  0.4585E+00
   20.0  0.1638E+00  0.3606E+01  0.1905E-01  0.4485E+00
   21.0  0.1466E+00  0.3575E+01  0.1983E-01  0.4416E+00
   22.0  0.1296E+00  0.3553E+01  0.1989E-01  0.4365E+00
   23.0  0.1136E+00  0.3532E+01  0.1927E-01  0.4316E+00
   24.0  0.9930E-01  0.3513E+01  0.1819E-01  0.4266E+00
   25.0  0.8679E-01  0.3498E+01  0.1675E-01  0.4226E+00
   26.0  0.7590E-01  0.3487E+01  0.1509E-01  0.4196E+00
   27.0  0.6647E-01  0.3539E+01  0.1333E-01  0.4341E+00
   28.0  0.5834E-01  0.3474E+01  0.1158E-01  0.4160E+00
   29.0  0.5138E-01  0.3470E+01  0.9926E-02  0.4149E+00
   30.0  0.4545E-01  0.3467E+01  0.8410E-02  0.4141E+00
   31.0  0.4037E-01         NaN  0.7055E-02         NaN
   32.0  0.3603E-01         NaN  0.5868E-02         NaN
   33.0  0.3230E-01         NaN  0.4847E-02         NaN
   34.0  0.2909E-01         NaN  0.3980E-02         NaN
   35.0  0.2631E-01         NaN  0.3254E-02         NaN
   36.0  0.2388E-01         NaN  0.2651E-02         NaN
   37.0  0.2175E-01         NaN  0.2154E-02         NaN
   38.0  0.1986E-01         NaN  0.1746E-02         NaN
   39.0  0.1816E-01         NaN  0.1413E-02         NaN
   40.0  0.1662E-01         NaN  0.1141E-02         NaN
   41.0  0.1521E-01         NaN  0.9197E-03         NaN
   42.0  0.1390E-01         NaN  0.7397E-03         NaN
   43.0  0.1268E-01         NaN  0.5937E-03         NaN
   44.0  0.1153E-01         NaN  0.4752E-03         NaN
   45.0  0.1043E-01         NaN  0.3790E-03         NaN
   46.0  0.9360E-02         NaN  0.3006E-03         NaN
   47.0  0.8316E-02         NaN  0.2367E-03         NaN
   48.0  0.7310E-02         NaN  0.1849E-03         NaN
   49.0  0.6358E-02         NaN  0.1434E-03         NaN
   50.0  0.5476E-02         NaN  0.1104E-03         NaN
   51.0  0.4680E-02         NaN  0.8447E-04         NaN
   52.0  0.3974E-02         NaN  0.6437E-04         NaN
   53.0  0.3350E-02         NaN  0.4884E-04         NaN
   54.0  0.2803E-02         NaN  0.3689E-04         NaN
   55.0  0.2326E-02         NaN  0.2771E-04         NaN
   56.0  0.1912E-02         NaN  0.2070E-04         NaN
   57.0  0.1555E-02         NaN  0.1535E-04         NaN
   58.0  0.1252E-02         NaN  0.1131E-04         NaN
   59.0  0.9947E-03         NaN  0.8255E-05         NaN
   60.0  0.7790E-03         NaN  0.5961E-05         NaN
   61.0  0.6027E-03         NaN  0.4264E-05         NaN
   62.0  0.4628E-03         NaN  0.3032E-05         NaN
   63.0  0.3528E-03         NaN  0.2144E-05         NaN
   64.0  0.2673E-03         NaN  0.1507E-05         NaN
   65.0  0.2009E-03         NaN  0.1053E-05         NaN
   66.0  0.1500E-03         NaN  0.7313E-06         NaN
   67.0  0.1112E-03         NaN  0.5045E-06         NaN
   68.0  0.8189E-04         NaN  0.3458E-06         NaN
   69.0  0.5993E-04         NaN  0.2356E-06         NaN
   70.0  0.4354E-04         NaN  0.1593E-06         NaN
   71.0  0.3144E-04         NaN  0.1070E-06         NaN
   72.0  0.2261E-04         NaN  0.7148E-07         NaN
   73.0  0.1621E-04         NaN  0.4753E-07         NaN
   74.0  0.1160E-04         NaN  0.3147E-07         NaN
   75.0  0.8307E-05         NaN  0.2077E-07         NaN
   76.0  0.5965E-05         NaN  0.1369E-07         NaN
   77.0  0.4312E-05         NaN  0.9052E-08         NaN
   78.0  0.3154E-05         NaN  0.6029E-08         NaN
   79.0  0.2348E-05         NaN  0.4076E-08         NaN
   80.0  0.1791E-05         NaN  0.2825E-08         NaN
   81.0  0.1396E-05         NaN  0.2007E-08         NaN
   82.0  0.1104E-05         NaN  0.1457E-08         NaN
   83.0  0.8855E-06         NaN  0.1080E-08         NaN
   84.0  0.7191E-06         NaN  0.8185E-09         NaN
   85.0  0.5904E-06         NaN  0.6333E-09         NaN
   86.0  0.4889E-06         NaN  0.4992E-09         NaN
   87.0  0.4077E-06         NaN  0.4002E-09         NaN
   88.0  0.3416E-06         NaN  0.3254E-09         NaN
   89.0  0.2868E-06         NaN  0.2672E-09         NaN
   90.0  0.2405E-06         NaN  0.2208E-09         NaN
   91.0  0.2001E-06         NaN  0.1820E-09         NaN
   92.0  0.1642E-06         NaN  0.1485E-09         NaN
   93.0  0.1323E-06         NaN  0.1193E-09         NaN
   94.0  0.1042E-06         NaN  0.9394E-10         NaN
   95.0  0.7966E-07         NaN  0.7190E-10         NaN
   96.0  0.5831E-07         NaN  0.5276E-10         NaN
   97.0  0.3990E-07         NaN  0.3622E-10         NaN
   98.0  0.2424E-07         NaN  0.2209E-10         NaN
   99.0  0.1103E-07         NaN  0.1010E-10         NaN
  100.0  0.0000E+00         NaN  0.0000E+00         NaN
