  1          101
   0.00000000       2.8909357264637947E-002
   1.00000000       2.8909357264637947E-002
   2.00000000       1.9219558686017990E-002
   3.00000000       2.9113641008734703E-002
   4.00000000       3.8235560059547424E-002
   5.00000000       3.5830665379762650E-002
   6.00000000       3.7955269217491150E-002
   7.00000000       4.1391696780920029E-002
   8.00000000       4.4383797794580460E-002
   9.00000000       4.5688997954130173E-002
   10.0000000       4.9304194748401642E-002
   11.0000000       4.7333225607872009E-002
   12.0000000       4.6347200870513916E-002
   13.0000000       4.3562486767768860E-002
   14.0000000       3.5178977996110916E-002
   15.0000000       1.3871061615645885E-002
   16.0000000      -3.7134639918804169E-002
   17.0000000      -8.8871881365776062E-002
   18.0000000      -4.2363833636045456E-002
   19.0000000       4.7224812209606171E-002
   20.0000000      0.12025127559900284     
   21.0000000      0.20084951817989349     
   22.0000000      0.30153802037239075     
   23.0000000      0.38177591562271118     
   24.0000000      0.42845317721366882     
   25.0000000      0.47410222887992859     
   26.0000000      0.54204750061035156     
   27.0000000      0.60643923282623291     
   28.0000000      0.67517060041427612     
   29.0000000      0.73713558912277222     
   30.0000000      0.79794198274612427     
   31.0000000      0.87027698755264282     
   32.0000000      0.93905693292617798     
   33.0000000       1.0073393583297729     
   34.0000000       1.0780807733535767     
   35.0000000       1.1523749828338623     
   36.0000000       1.2293595075607300     
   37.0000000       1.3079231977462769     
   38.0000000       1.4056057929992676     
   39.0000000       1.5055112838745117     
   40.0000000       1.6177433729171753     
   41.0000000       1.7446200847625732     
   42.0000000       1.8639800548553467     
   43.0000000       1.9910074472427368     
   44.0000000       2.1310915946960449     
   45.0000000       2.2906250953674316     
   46.0000000       2.5453197956085205     
   47.0000000       2.8230483531951904     
   48.0000000       3.0107562541961670     
   49.0000000       3.1765043735504150     
   50.0000000       3.2507619857788086     
   51.0000000       3.1349127292633057     
   52.0000000       3.0287446975708008     
   53.0000000       2.9455378055572510     
   54.0000000       2.8655319213867188     
   55.0000000       2.8039286136627197     
   56.0000000       2.7497680187225342     
   57.0000000       2.6850273609161377     
   58.0000000       2.6332912445068359     
   59.0000000       2.5829093456268311     
   60.0000000       2.5721766948699951     
   61.0000000       2.4511709213256836     
   62.0000000       2.1993432044982910     
   63.0000000       1.9900323152542114     
   64.0000000       1.8063113689422607     
   65.0000000       1.6523611545562744     
   66.0000000       1.5297110080718994     
   67.0000000       1.3891897201538086     
   68.0000000       1.2550693750381470     
   69.0000000       1.1200952529907227     
   70.0000000       1.0030732154846191     
   71.0000000      0.87240308523178101     
   72.0000000      0.73984497785568237     
   73.0000000      0.60341638326644897     
   74.0000000      0.48265737295150757     
   75.0000000      0.35954594612121582     
   76.0000000      0.23207436501979828     
   77.0000000      0.10157874226570129     
   78.0000000      -3.8711853325366974E-002
   79.0000000     -0.20440688729286194     
   80.0000000     -0.47285193204879761     
   81.0000000     -0.56976735591888428     
   82.0000000     -0.48549112677574158     
   83.0000000     -0.42612722516059875     
   84.0000000     -0.34207880496978760     
   85.0000000     -0.21604120731353760     
   86.0000000       1.3887890614569187E-002
   87.0000000      0.28173196315765381     
   88.0000000      0.28357025980949402     
   89.0000000      0.39032563567161560     
   90.0000000       1.5095317363739014     
   91.0000000       2.8866508007049561     
   92.0000000       4.8914780616760254     
   93.0000000       7.1281337738037109     
   94.0000000       9.5685672760009766     
   95.0000000       12.168082237243652     
   96.0000000       14.920632362365723     
   97.0000000       17.675922393798828     
   98.0000000       20.235862731933594     
   99.0000000       22.744920730590820     
   100.000000       24.932693481445312     
