           2          66
   0.0000000000000000       -4.0412452459406482E-020   0.0000000000000000     
   2.0000000000000000       -4.0412452459406482E-020   0.0000000000000000     
   4.0000000000000000        2.2451615181340681E-020   0.0000000000000000     
   6.0000000000000000        1.2628920468610023E-020   0.0000000000000000     
   8.0000000000000000       -4.1675773366667939E-020   0.0000000000000000     
   10.000000000000000        3.1305538673076245E-020   0.0000000000000000     
   12.000000000000000        0.0000000000000000        0.0000000000000000     
   14.000000000000000       -3.9691284529173583E-020   0.0000000000000000     
   16.000000000000000        6.8042026215828990E-020   0.0000000000000000     
   18.000000000000000       -2.5845433236633582E-020   0.0000000000000000     
   20.000000000000000       -5.8491027112127623E-020   0.0000000000000000     
   22.000000000000000        6.5374784734893813E-020   0.0000000000000000     
   24.000000000000000       -3.8322165363581868E-020   0.0000000000000000     
   26.000000000000000        4.4454270838713957E-020   0.0000000000000000     
   28.000000000000000        2.5257550189442442E-020   0.0000000000000000     
   30.000000000000000        0.0000000000000000        0.0000000000000000     
   32.000000000000000       -3.4090291718568317E-020   0.0000000000000000     
   34.000000000000000        7.9953281689352677E-020   0.0000000000000000     
   36.000000000000000       -1.8836536035173995E-019   0.0000000000000000     
   38.000000000000000        1.6670182694398456E-019   0.0000000000000000     
   40.000000000000000        1.3389722951469122E-019   0.0000000000000000     
   42.000000000000000        2.4159943991586636E-019   0.0000000000000000     
   44.000000000000000        2.0341415357247147E-018   6.9824383096850995E-008
   46.000000000000000        9.1808461100415376E-018  -8.5005869901563977E-008
   48.000000000000000        5.5040569345875538E-017   0.0000000000000000     
   50.000000000000000        2.3132323198025243E-016   1.2613657755580887E-007
   52.000000000000000        1.2222030645745901E-015  -5.8125413257934563E-020
   54.000000000000000        5.3299311730981968E-015   3.9900059915343500E-007
   56.000000000000000        1.7683340053039254E-014   5.0454301277182548E-007
   58.000000000000000        4.6276381285180785E-014   9.6153035181779349E-007
   60.000000000000000        2.2397438842295096E-013   3.4375559233777621E-006
   62.000000000000000        7.7198656386211591E-013   1.1500682426924703E-005
   64.000000000000000        3.7553955422272728E-012   2.7211418947098873E-005
   66.000000000000000       -4.5327081308946422E-012   3.2777140230932384E-005
   68.000000000000000        5.0008551021138937E-011   7.7072983847051635E-005
   70.000000000000000        3.9076104632780103E-010   1.7596028322206040E-004
   72.000000000000000        1.8799483808224542E-009   2.8091790579716589E-004
   74.000000000000000        1.1471724396336035E-008   4.4794303457756528E-004
   76.000000000000000        5.8590565919937194E-008   5.8363543744102556E-004
   78.000000000000000        4.0411310925008493E-007   6.4261610177058647E-004
   80.000000000000000        2.2188183690177223E-006   5.6521959181023748E-004
   82.000000000000000        1.1559446496613912E-005   4.0541258185371345E-004
   84.000000000000000        4.2253220099644006E-005   2.3244041615206945E-004
   86.000000000000000        1.2270623761892179E-004   1.3204148197171154E-004
   88.000000000000000        8.6369357882208077E-004   1.1847983691059810E-004
   90.000000000000000        6.3086205999372310E-003   1.0704757682734233E-004
   92.000000000000000        1.0005747870235726E-002   1.1954802995475091E-004
   94.000000000000000        7.1295755487622223E-003   1.0153839355479174E-004
   96.000000000000000        3.9682395578987308E-003   1.5670261053127242E-004
   98.000000000000000        2.1048308081447957E-003   1.1833525012307346E-005
   100.00000000000000        1.4033921165969865E-003   3.9463725728688069E-004
   102.00000000000000        6.9608260963245736E-004   6.3664987170687680E-004
   104.00000000000000        5.9050845360451127E-004  -8.6893538281587577E-006
   106.00000000000000        4.3002393807551448E-004   6.7410175925757237E-004
   108.00000000000000        2.3518660514072699E-004   7.8710706234850179E-004
   110.00000000000000       -1.4155780727130845E-004   9.0710662185209561E-004
   112.00000000000000       -1.1093376205995517E-003   1.0977770461437621E-003
   116.00000000000000       -1.7509784450822643E-003  -5.6130395137470417E-003
   120.00000000000000       -2.3966332253170597E-003   5.3964703815344859E-004
   124.00000000000000       -2.7433578123607582E-003   3.3217015308095141E-004
   128.00000000000000       -4.2092002519276053E-003   1.1904358057403107E-003
   132.00000000000000       -4.6965020538323786E-003   3.3107254599203371E-003
   136.00000000000000       -3.5306971081992978E-003   6.1871292178201842E-003
   140.00000000000000       -2.4190441240429478E-003   8.8727324350269705E-003
   144.00000000000000       -5.3352907637654401E-003   8.6519762581407679E-003
   148.00000000000000       -9.2287385766036713E-003   5.3273179767367373E-003
