           2          66
   0.0000000000000000        233.17565490940552        233.19999999999999     
   2.0000000000000000        223.52335131061159        223.50000000000000     
   4.0000000000000000        213.94826470340544        214.00000000000000     
   6.0000000000000000        204.45498919264412        204.50000000000000     
   8.0000000000000000        195.04846857068389        195.09999999999999     
   10.000000000000000        185.73402735957018        185.69999999999999     
   12.000000000000000        176.51740474011777        176.50000000000000     
   14.000000000000000        168.53795675668209        168.50000000000000     
   16.000000000000000        160.64258839671103        160.69999999999999     
   18.000000000000000        152.83606509108478        152.80000000000001     
   20.000000000000000        144.02967275131402        144.00000000000000     
   22.000000000000000        134.81651598649566        134.80000000000001     
   24.000000000000000        125.76180570059040        125.80000000000000     
   26.000000000000000        117.39482702403750        117.40000000000001     
   28.000000000000000        108.68166256389679        108.70000000000000     
   30.000000000000000        100.16397750949449        100.20000000000000     
   32.000000000000000        91.856573741781617        91.859999999999999     
   34.000000000000000        83.775516894947557        83.780000000000001     
   36.000000000000000        76.847000889932886        76.849999999999994     
   38.000000000000000        69.680257296064738        69.680000000000007     
   40.000000000000000        63.611612278448504        63.609999999999999     
   42.000000000000000        58.156382865930752        58.159999999999997     
   44.000000000000000        53.283514955569451        53.280000000000001     
   46.000000000000000        48.575388579793703        48.579999999999998     
   48.000000000000000        43.670840761167838        43.670000000000002     
   50.000000000000000        37.583160449694091        37.579999999999998     
   52.000000000000000        31.889080742580020        31.879999999999999     
   54.000000000000000        25.730184404761513        25.710000000000001     
   56.000000000000000        19.936035383965898        19.899999999999999     
   58.000000000000000        15.781262818806574        15.730000000000000     
   60.000000000000000        13.359128427733022        13.240000000000000     
   62.000000000000000        11.151498311000250        10.890000000000001     
   64.000000000000000        9.6824718510518828        9.1329999999999991     
   66.000000000000000        8.3291691711030165        7.6159999999999997     
   68.000000000000000        8.4919944624876642        7.1529999999999996     
   70.000000000000000        7.8515500638439644        5.9569999999999999     
   72.000000000000000        7.0916670809711357        4.6210000000000004     
   74.000000000000000        6.3768072878514737        3.2810000000000001     
   76.000000000000000        5.5779958448678286        2.0930000000000000     
   78.000000000000000        4.8427011584775590        1.2180000000000000     
   80.000000000000000        3.9591408340007939       0.63629999999999998     
   82.000000000000000        3.0921953837154170       0.30830000000000002     
   84.000000000000000        2.2791913855585428       0.14410000000000001     
   86.000000000000000        1.7315274666442646        7.1800000000000003E-002
   88.000000000000000        1.3625414118883896        3.8679999999999999E-002
   90.000000000000000       0.77509430743312824        2.1479999999999999E-002
   92.000000000000000       0.29306043896289846        1.2680000000000000E-002
   94.000000000000000        9.2321377738370111E-002   8.2909999999999998E-003
   96.000000000000000        2.8617227330254482E-002   6.1630000000000001E-003
   98.000000000000000        1.0178776678906468E-002   5.0710000000000000E-003
   100.00000000000000        4.3250024217004511E-003   4.3249999999999999E-003
   102.00000000000000        2.7179994295401461E-003   2.7179999999999999E-003
   104.00000000000000        1.7309986236876448E-003   1.7309999999999999E-003
   106.00000000000000        1.0939998056972433E-003   1.0939999999999999E-003
   108.00000000000000        6.7430066634935316E-004   6.7429999999999996E-004
   110.00000000000000        3.8780019835802493E-004   3.8779999999999999E-004
   112.00000000000000        1.4307959817945931E-004   1.9970000000000000E-004
   116.00000000000000        2.4943782013164058E-005   3.2280000000000003E-005
   120.00000000000000        9.7429993991695232E-006   9.7429999999999997E-006
   124.00000000000000        6.3960005048072753E-006   6.3960000000000003E-006
   128.00000000000000        3.6559981730621839E-006   3.6559999999999998E-006
   132.00000000000000        1.7010003982261007E-006   1.7010000000000001E-006
   136.00000000000000        6.5510049785605553E-007   6.5509999999999998E-007
   140.00000000000000        1.9220005582149001E-007   1.9219999999999999E-007
   144.00000000000000        3.8420001321019200E-008   3.8420000000000003E-008
   148.00000000000000        0.0000000000000000        0.0000000000000000     
