           2          66
   0.0000000000000000        233.17565490940558        233.19999999999999     
   2.0000000000000000        223.52335131061153        223.50000000000000     
   4.0000000000000000        213.94826470340544        214.00000000000000     
   6.0000000000000000        204.45498919264415        204.50000000000000     
   8.0000000000000000        195.04846857068384        195.09999999999999     
   10.000000000000000        185.73402735957018        185.69999999999999     
   12.000000000000000        176.51740474011777        176.50000000000000     
   14.000000000000000        168.53795675668204        168.50000000000000     
   16.000000000000000        160.64258839671106        160.69999999999999     
   18.000000000000000        152.83606509108478        152.80000000000001     
   20.000000000000000        144.02967275131397        144.00000000000000     
   22.000000000000000        134.81651598649566        134.80000000000001     
   24.000000000000000        125.76180570059037        125.80000000000000     
   26.000000000000000        117.39482702403750        117.40000000000001     
   28.000000000000000        108.68166256389681        108.70000000000000     
   30.000000000000000        100.16397750949450        100.20000000000000     
   32.000000000000000        91.856573741781617        91.859999999999999     
   34.000000000000000        83.775516894947586        83.780000000000001     
   36.000000000000000        76.847000889932858        76.849999999999994     
   38.000000000000000        69.680257296064752        69.680000000000007     
   40.000000000000000        63.611612278448547        63.609999999999999     
   42.000000000000000        58.156382865930837        58.159999999999997     
   44.000000000000000        53.283514955569828        53.289999999999999     
   46.000000000000000        48.575388579795160        48.579999999999998     
   48.000000000000000        43.670840761174503        43.670000000000002     
   50.000000000000000        37.583160449719095        37.590000000000003     
   52.000000000000000        31.889080742679727        31.890000000000001     
   54.000000000000000        25.730184405128384        25.739999999999998     
   56.000000000000000        19.936035385033733        19.949999999999999     
   58.000000000000000        15.781262821318245        15.810000000000000     
   60.000000000000000        13.359128435457103        13.400000000000000     
   62.000000000000000        11.151498332149387        11.250000000000000     
   64.000000000000000        9.6824719192617739        9.8339999999999996     
   66.000000000000000        8.3291691999006279        8.6020000000000003     
   68.000000000000000        8.4919948007851502        8.6159999999999997     
   70.000000000000000        7.8515520610300147        8.1669999999999998     
   72.000000000000000        7.0916745590385828        7.6500000000000004     
   74.000000000000000        6.3768379427735145        7.2149999999999999     
   76.000000000000000        5.5781074133072845        6.8330000000000002     
   78.000000000000000        4.8431837520653120        6.5480000000000000     
   80.000000000000000        3.9610079819282968        6.3190000000000000     
   82.000000000000000        3.0988811942729630        6.1600000000000001     
   84.000000000000000        2.2975475277017217        6.0599999999999996     
   86.000000000000000        1.7715363143904712        6.0110000000000001     
   88.000000000000000        1.4981923541008078        5.9909999999999997     
   90.000000000000000        1.3350618915141446        5.9809999999999999     
   92.000000000000000        1.2547710697116221        5.9770000000000003     
   94.000000000000000        1.2217769903573790        5.9749999999999996     
   96.000000000000000        1.2119609899333565        5.9749999999999996     
   98.000000000000000        1.2098865926092139        5.9740000000000002     
   100.00000000000000        1.2102418687909451        5.9749999999999996     
   102.00000000000000        1.2103918829653479        5.9749999999999996     
   104.00000000000000        1.2102883321891176        5.9740000000000002     
   106.00000000000000        1.2100576893029911        5.9740000000000002     
   108.00000000000000        1.2097633959983756        5.9740000000000002     
   110.00000000000000        1.2094321859992152        5.9740000000000002     
   112.00000000000000        1.2089973845377464        5.9740000000000002     
   116.00000000000000        1.2086195267598450        5.9729999999999999     
   120.00000000000000        1.2085042366240404        5.9729999999999999     
   124.00000000000000        1.2084732471096691        5.9729999999999999     
   128.00000000000000        1.2084608188833814        5.9729999999999999     
   132.00000000000000        1.2084560905775741        5.9729999999999999     
   136.00000000000000        1.2084544478328403        5.9729999999999999     
   140.00000000000000        1.2084538587282629        5.9729999999999999     
   144.00000000000000        1.2084536101188896        5.9729999999999999     
   148.00000000000000        1.2084535051422955        5.9729999999999999     
