    0.0  0.0000E+00  0.0000E+00  0.2332E+03  0.2332E+03
    2.0  0.0000E+00  0.0000E+00  0.2235E+03  0.2235E+03
    4.0  0.0000E+00  0.0000E+00  0.2140E+03  0.2140E+03
    6.0  0.0000E+00  0.0000E+00  0.2045E+03  0.2045E+03
    8.0  0.0000E+00  0.0000E+00  0.1951E+03  0.1951E+03
   10.0  0.0000E+00  0.0000E+00  0.1857E+03  0.1857E+03
   12.0  0.0000E+00  0.0000E+00  0.1765E+03  0.1765E+03
   14.0  0.0000E+00  0.0000E+00  0.1685E+03  0.1685E+03
   16.0  0.0000E+00  0.0000E+00  0.1607E+03  0.1607E+03
   18.0  0.0000E+00  0.0000E+00  0.1528E+03  0.1528E+03
   20.0  0.0000E+00  0.0000E+00  0.1440E+03  0.1440E+03
   22.0  0.0000E+00  0.0000E+00  0.1348E+03  0.1348E+03
   24.0  0.0000E+00  0.0000E+00  0.1258E+03  0.1258E+03
   26.0  0.0000E+00  0.0000E+00  0.1174E+03  0.1174E+03
   28.0  0.0000E+00  0.0000E+00  0.1087E+03  0.1087E+03
   30.0  0.0000E+00  0.0000E+00  0.1002E+03  0.1002E+03
   32.0  0.0000E+00  0.0000E+00  0.9186E+02  0.9186E+02
   34.0  0.0000E+00  0.0000E+00  0.8378E+02  0.8378E+02
   36.0  0.0000E+00  0.0000E+00  0.7685E+02  0.7685E+02
   38.0  0.0000E+00  0.0000E+00  0.6968E+02  0.6968E+02
   40.0  0.0000E+00  0.0000E+00  0.6361E+02  0.6361E+02
   42.0  0.0000E+00  0.0000E+00  0.5816E+02  0.5816E+02
   44.0  0.0000E+00  0.0000E+00  0.5328E+02  0.5329E+02
   46.0  0.0000E+00  0.0000E+00  0.4858E+02  0.4858E+02
   48.0  0.0000E+00  0.0000E+00  0.4367E+02  0.4367E+02
   50.0  0.0000E+00  0.0000E+00  0.3758E+02  0.3759E+02
   52.0  0.0000E+00  0.0000E+00  0.3188E+02  0.3189E+02
   54.0  0.0000E+00  0.0000E+00  0.2571E+02  0.2574E+02
   56.0  0.0000E+00  0.0000E+00  0.1990E+02  0.1995E+02
   58.0  0.0000E+00  0.0000E+00  0.1573E+02  0.1581E+02
   60.0  0.0000E+00  0.0000E+00  0.1324E+02  0.1340E+02
   62.0  0.0000E+00  0.0000E+00  0.1089E+02  0.1125E+02
   64.0  0.0000E+00  0.0000E+00  0.9133E+01  0.9834E+01
   66.0  0.0000E+00  0.0000E+00  0.7616E+01  0.8602E+01
   68.0  0.0000E+00  0.0000E+00  0.7153E+01  0.8616E+01
   70.0  0.0000E+00  0.0000E+00  0.5957E+01  0.8167E+01
   72.0  0.0000E+00  0.0000E+00  0.4621E+01  0.7650E+01
   74.0  0.0000E+00  0.0000E+00  0.3281E+01  0.7215E+01
   76.0  0.0000E+00  0.0000E+00  0.2093E+01  0.6833E+01
   78.0  0.0000E+00  0.0000E+00  0.1218E+01  0.6548E+01
   80.0  0.0000E+00  0.0000E+00  0.6363E+00  0.6319E+01
   82.0  0.0000E+00  0.0000E+00  0.3083E+00  0.6160E+01
   84.0  0.0000E+00  0.0000E+00  0.1441E+00  0.6060E+01
   86.0  0.0000E+00  0.0000E+00  0.7180E-01  0.6011E+01
   88.0  0.0000E+00  0.0000E+00  0.3868E-01  0.5991E+01
   90.0  0.0000E+00  0.0000E+00  0.2148E-01  0.5981E+01
   92.0  0.0000E+00  0.0000E+00  0.1268E-01  0.5977E+01
   94.0  0.0000E+00  0.0000E+00  0.8291E-02  0.5975E+01
   96.0  0.0000E+00  0.0000E+00  0.6163E-02  0.5975E+01
   98.0  0.0000E+00  0.0000E+00  0.5071E-02  0.5974E+01
  100.0  0.0000E+00  0.0000E+00  0.4325E-02  0.5975E+01
  102.0  0.0000E+00  0.0000E+00  0.2718E-02  0.5975E+01
  104.0  0.0000E+00  0.0000E+00  0.1731E-02  0.5974E+01
  106.0  0.0000E+00  0.0000E+00  0.1094E-02  0.5974E+01
  108.0  0.0000E+00  0.0000E+00  0.6743E-03  0.5974E+01
  110.0  0.0000E+00  0.0000E+00  0.3878E-03  0.5974E+01
  112.0  0.0000E+00  0.0000E+00  0.1997E-03  0.5974E+01
  116.0  0.0000E+00  0.0000E+00  0.3228E-04  0.5973E+01
  120.0  0.0000E+00  0.0000E+00  0.9743E-05  0.5973E+01
  124.0  0.0000E+00  0.0000E+00  0.6396E-05  0.5973E+01
  128.0  0.0000E+00  0.0000E+00  0.3656E-05  0.5973E+01
  132.0  0.0000E+00  0.0000E+00  0.1701E-05  0.5973E+01
  136.0  0.0000E+00  0.0000E+00  0.6551E-06  0.5973E+01
  140.0  0.0000E+00  0.0000E+00  0.1922E-06  0.5973E+01
  144.0  0.0000E+00  0.0000E+00  0.3842E-07  0.5973E+01
  148.0  0.0000E+00  0.0000E+00  0.0000E+00  0.5973E+01
