           2          66
   0.0000000000000000        469.52410888671875        469.55300903320312     
   2.0000000000000000        450.00164794921875        450.05398559570312     
   4.0000000000000000        430.63806152343750        430.66799926757812     
   6.0000000000000000        411.44277954101562        411.49499511718750     
   8.0000000000000000        392.42593383789062        392.44500732421875     
   10.000000000000000        373.59848022460938        373.61898803710938     
   12.000000000000000        354.97210693359375        355.00701904296875     
   14.000000000000000        338.84890747070312        338.88598632812500     
   16.000000000000000        322.89843750000000        322.87802124023438     
   18.000000000000000        307.13052368164062        307.18402099609375     
   20.000000000000000        289.34689331054688        289.36801147460938     
   22.000000000000000        270.74664306640625        270.75497436523438     
   24.000000000000000        252.47152709960938        252.47801208496094     
   26.000000000000000        235.58953857421875        235.54901123046875     
   28.000000000000000        218.01478576660156        218.04600524902344     
   30.000000000000000        200.84060668945312        200.87998962402344     
   32.000000000000000        184.09707641601562        184.07299804687500     
   34.000000000000000        167.81681823730469        167.80500793457031     
   36.000000000000000        153.86473083496094        153.90501403808594     
   38.000000000000000        139.43969726562500        139.44400024414062     
   40.000000000000000        127.23091888427734        127.23899078369141     
   42.000000000000000        116.26149749755859        116.27999877929688     
   44.000000000000000        106.46781921386719        106.47499847412109     
   46.000000000000000        97.009941101074219        97.016998291015625     
   48.000000000000000        87.162986755371094        87.174995422363281     
   50.000000000000000        74.949546813964844        74.972991943359375     
   52.000000000000000        63.536426544189453        63.578998565673828     
   54.000000000000000        51.205467224121094        51.291000366210938     
   56.000000000000000        39.623577117919922        39.814701080322266     
   58.000000000000000        31.334342956542969        31.659797668457031     
   60.000000000000000        26.515092849731445        26.954000473022461     
   62.000000000000000        22.162319183349609        22.911199569702148     
   64.000000000000000        19.327238082885742        20.282199859619141     
   66.000000000000000        16.970859527587891        18.094200134277344     
   68.000000000000000        16.782236099243164        18.042600631713867     
   70.000000000000000        16.482007980346680        17.238201141357422     
   72.000000000000000        15.834110260009766        16.337501525878906     
   74.000000000000000        15.042943000793457        15.559700012207031     
   76.000000000000000        14.169168472290039        14.850999832153320     
   78.000000000000000        13.349213600158691        14.302399635314941     
   80.000000000000000        12.565382957458496        13.832900047302246     
   82.000000000000000        11.929325103759766        13.492700576782227     
   84.000000000000000        11.621350288391113        13.272499084472656     
   86.000000000000000        11.468038558959961        13.159700393676758     
   88.000000000000000        11.394794464111328        13.110099792480469     
   90.000000000000000        11.355658531188965        13.085299491882324     
   92.000000000000000        11.334519386291504        13.078010559082031     
   94.000000000000000        11.322319030761719        13.074489593505859     
   96.000000000000000        11.319595336914062        13.073229789733887     
   98.000000000000000        11.319614410400391        13.073069572448730     
   100.00000000000000        11.321467399597168        13.074599266052246     
   102.00000000000000        11.321932792663574        13.074069976806641     
   104.00000000000000        11.321760177612305        13.073249816894531     
   106.00000000000000        11.321323394775391        13.072559356689453     
   108.00000000000000        11.320786476135254        13.072059631347656     
   110.00000000000000        11.320219993591309        13.071719169616699     
   112.00000000000000        11.319518089294434        13.071499824523926     
   116.00000000000000        11.318950653076172        13.071249961853027     
   120.00000000000000        11.318775177001953        13.071189880371094     
   124.00000000000000        11.318727493286133        13.071179389953613     
   128.00000000000000        11.318703651428223        13.071179389953613     
   132.00000000000000        11.318693161010742        13.071179389953613     
   136.00000000000000        11.318689346313477        13.071179389953613     
   140.00000000000000        11.318688392639160        13.071179389953613     
   144.00000000000000        11.318687438964844        13.071179389953613     
   148.00000000000000        11.318687438964844        13.071179389953613     
