           2          66
   0.0000000000000000       -3.8388674678810215E-017   0.0000000000000000     
   2.0000000000000000       -3.8388674678810215E-017   0.0000000000000000     
   4.0000000000000000       -5.6872750076524214E-017   0.0000000000000000     
   6.0000000000000000        1.0716862680730871E-016   0.0000000000000000     
   8.0000000000000000       -1.0908893652551791E-016   0.0000000000000000     
   10.000000000000000        5.7493115683604284E-017   0.0000000000000000     
   12.000000000000000        8.9370280828678718E-018   0.0000000000000000     
   14.000000000000000        9.4887443165509404E-017   0.0000000000000000     
   16.000000000000000        1.7954056111498197E-017   0.0000000000000000     
   18.000000000000000        4.6156148784866910E-016   0.0000000000000000     
   20.000000000000000        1.8816966095778738E-015   0.0000000000000000     
   22.000000000000000        7.9364996630301894E-015   0.0000000000000000     
   24.000000000000000        3.2670535114048826E-014   0.0000000000000000     
   26.000000000000000        1.5049807645765856E-013   0.0000000000000000     
   28.000000000000000        6.3825220065691357E-013   0.0000000000000000     
   30.000000000000000        2.6575683927804183E-012   0.0000000000000000     
   32.000000000000000        1.1755428228066300E-011   0.0000000000000000     
   34.000000000000000        4.4458284276238658E-011   0.0000000000000000     
   36.000000000000000        2.0711821147045839E-010   0.0000000000000000     
   38.000000000000000        7.8621958943259074E-010   0.0000000000000000     
   40.000000000000000        3.1964964009034702E-009   0.0000000000000000     
   42.000000000000000        1.3130002862737911E-008   5.7421042583882809E-005
   44.000000000000000        5.9837475419044495E-008   2.9823116632493596E-013
   46.000000000000000        2.9223326691862894E-007   8.6132196884136647E-005
   48.000000000000000        1.7438607073927415E-006   1.2849511404056102E-004
   50.000000000000000        7.3629666985652875E-006   3.9620447205379605E-004
   52.000000000000000        2.0231955204508267E-005   1.1604340979829431E-003
   54.000000000000000        8.8365188275929540E-005   3.0523694586008787E-003
   56.000000000000000        2.5224147248081863E-004   7.0140510797500610E-003
   58.000000000000000        5.6398031301796436E-004   1.5399971045553684E-002
   60.000000000000000        2.4576256982982159E-003   4.0930822491645813E-002
   62.000000000000000        7.8196581453084946E-003   7.0221379399299622E-002
   64.000000000000000        3.5833951085805893E-002   9.3485951423645020E-002
   66.000000000000000       0.12091574817895889        9.0719662606716156E-002
   68.000000000000000       0.49647530913352966       0.14507184922695160     
   70.000000000000000       0.39402142167091370       0.27385804057121277     
   72.000000000000000       0.47005525231361389       0.38257849216461182     
   74.000000000000000       0.58042860031127930       0.58858734369277954     
   76.000000000000000       0.72792404890060425       0.85271537303924561     
   78.000000000000000       0.82222443819046021        1.1313121318817139     
   80.000000000000000       0.78528076410293579        1.2011133432388306     
   82.000000000000000       0.43190225958824158        1.0058138370513916     
   84.000000000000000        2.3179614916443825E-002  0.63994008302688599     
   86.000000000000000       -9.1038815677165985E-002  0.35124453902244568     
   88.000000000000000       -7.8656755387783051E-002  0.25433698296546936     
   90.000000000000000       -5.8915462344884872E-002  0.20698919892311096     
   92.000000000000000       -5.6635543704032898E-002  0.29943841695785522     
   94.000000000000000       -2.6694560423493385E-002  0.25528872013092041     
   96.000000000000000       0.92515820264816284       0.25267413258552551     
   98.000000000000000        2.1625788211822510       0.30506891012191772     
   100.00000000000000        2.6781826019287109       0.78081321716308594     
   102.00000000000000        1.5527392625808716        1.2149251699447632     
   104.00000000000000        1.3129019737243652       0.90480220317840576     
   106.00000000000000       0.96279859542846680       0.70560824871063232     
   108.00000000000000       0.60651999711990356       0.68100076913833618     
   110.00000000000000       -1.1905291117727757E-002  0.71472400426864624     
   112.00000000000000       -1.3642970323562622       0.80997544527053833     
   116.00000000000000       -2.3873732089996338       0.45135062932968140     
   120.00000000000000       -3.5671317577362061      -0.35394561290740967     
   124.00000000000000       -4.1082801818847656      -0.35898691415786743     
   128.00000000000000       -7.7166399955749512        3.0067615509033203     
   132.00000000000000       -8.0208663940429688        9.4222259521484375     
   136.00000000000000       -2.9268791675567627        18.366090774536133     
   140.00000000000000        2.2685298919677734        26.717363357543945     
   144.00000000000000       -5.1929888725280762        26.326900482177734     
   148.00000000000000       -18.226686477661133        16.522809982299805     
