           2          66
   0.0000000000000000        469.52410888671875        469.55300903320312     
   2.0000000000000000        450.00164794921875        450.05398559570312     
   4.0000000000000000        430.63806152343750        430.66799926757812     
   6.0000000000000000        411.44277954101562        411.49499511718750     
   8.0000000000000000        392.42593383789062        392.44500732421875     
   10.000000000000000        373.59848022460938        373.61898803710938     
   12.000000000000000        354.97210693359375        355.00701904296875     
   14.000000000000000        338.84890747070312        338.88598632812500     
   16.000000000000000        322.89843750000000        322.87802124023438     
   18.000000000000000        307.13052368164062        307.18402099609375     
   20.000000000000000        289.34689331054688        289.36801147460938     
   22.000000000000000        270.74664306640625        270.75497436523438     
   24.000000000000000        252.47152709960938        252.47801208496094     
   26.000000000000000        235.58953857421875        235.54901123046875     
   28.000000000000000        218.01478576660156        218.04600524902344     
   30.000000000000000        200.84060668945312        200.87998962402344     
   32.000000000000000        184.09707641601562        184.07299804687500     
   34.000000000000000        167.81681823730469        167.80500793457031     
   36.000000000000000        153.86473083496094        153.90501403808594     
   38.000000000000000        139.43969726562500        139.44400024414062     
   40.000000000000000        127.23091888427734        127.23899078369141     
   42.000000000000000        116.26149749755859        116.26999664306641     
   44.000000000000000        106.46781158447266        106.46499633789062     
   46.000000000000000        97.009895324707031        96.996994018554688     
   48.000000000000000        87.162773132324219        87.142997741699219     
   50.000000000000000        74.948768615722656        74.909996032714844     
   52.000000000000000        63.534416198730469        63.445999145507812     
   54.000000000000000        51.199092864990234        51.006999969482422     
   56.000000000000000        39.607334136962891        39.256301879882812     
   58.000000000000000        31.300731658935547        30.627201080322266     
   60.000000000000000        26.425035476684570        24.981300354003906     
   62.000000000000000        21.938053131103516        19.733299255371094     
   64.000000000000000        18.659793853759766        15.948100090026855     
   66.000000000000000        15.265790939331055        12.981600761413574     
   68.000000000000000        12.044689178466797        12.043900489807129     
   70.000000000000000        10.093606948852539        10.092100143432617     
   72.000000000000000        8.0932102203369141        8.0906000137329102     
   74.000000000000000        6.1447119712829590        6.1391997337341309     
   76.000000000000000        4.2788195610046387        4.2683000564575195     
   78.000000000000000        2.7138340473175049        2.6946001052856445     
   80.000000000000000        1.4463913440704346        1.4853999614715576     
   82.000000000000000       0.63264542818069458       0.73140001296997070     
   84.000000000000000       0.31835252046585083       0.33676001429557800     
   86.000000000000000       0.18089528381824493       0.16279000043869019     
   88.000000000000000       0.11624811589717865        8.5394002497196198E-002
   90.000000000000000        8.1023402512073517E-002   4.6854000538587570E-002
   92.000000000000000        6.2127761542797089E-002   2.7698399499058723E-002
   94.000000000000000        5.0547249615192413E-002   1.8250500783324242E-002
   96.000000000000000        3.5424772650003433E-002   1.3604089617729187E-002
   98.000000000000000        1.8850093707442284E-002   1.1103340424597263E-002
   100.00000000000000        9.0086432173848152E-003   9.2239500954747200E-003
   102.00000000000000        5.6066229008138180E-003   5.6673982180655003E-003
   104.00000000000000        3.4954836592078209E-003   3.5114397760480642E-003
   106.00000000000000        2.1595254074782133E-003   2.1633864380419254E-003
   108.00000000000000        1.3041072525084019E-003   1.3050127308815718E-003
   110.00000000000000        7.4202188989147544E-004   7.4222672265022993E-004
   112.00000000000000        2.7075159596279263E-004   3.8525529089383781E-004
   116.00000000000000        5.2672327001346275E-005   6.9182104198262095E-005
   120.00000000000000        2.3770455300109461E-005   2.3770453481120057E-005
   124.00000000000000        1.7340369595331140E-005   1.7340362319373526E-005
   128.00000000000000        1.0510261745366734E-005   1.0510264473850839E-005
   132.00000000000000        5.0191515583719593E-006   5.0191501941299066E-006
   136.00000000000000        1.9550641354726395E-006   1.9550632259779377E-006
   140.00000000000000        5.7941537079386762E-007   5.7941696240959573E-007
   144.00000000000000        1.1760239715385978E-007   1.1760236162672300E-007
   148.00000000000000        0.0000000000000000        0.0000000000000000     
