           3
    0.0  0.4156E+03  0.4156E+03  0.4417E+02  0.4417E+02  0.9783E+01  0.9783E+01
    2.0  0.3983E+03  0.3983E+03  0.4237E+02  0.4237E+02  0.9384E+01  0.9384E+01
    4.0  0.3811E+03  0.3811E+03  0.4058E+02  0.4058E+02  0.8988E+01  0.8988E+01
    6.0  0.3641E+03  0.3641E+03  0.3880E+02  0.3880E+02  0.8595E+01  0.8595E+01
    8.0  0.3472E+03  0.3472E+03  0.3704E+02  0.3704E+02  0.8205E+01  0.8205E+01
   10.0  0.3305E+03  0.3305E+03  0.3530E+02  0.3530E+02  0.7819E+01  0.7819E+01
   12.0  0.3140E+03  0.3140E+03  0.3357E+02  0.3357E+02  0.7437E+01  0.7437E+01
   14.0  0.2997E+03  0.2997E+03  0.3208E+02  0.3208E+02  0.7106E+01  0.7106E+01
   16.0  0.2855E+03  0.2855E+03  0.3060E+02  0.3060E+02  0.6778E+01  0.6778E+01
   18.0  0.2716E+03  0.2716E+03  0.2913E+02  0.2913E+02  0.6454E+01  0.6454E+01
   20.0  0.2558E+03  0.2558E+03  0.2748E+02  0.2748E+02  0.6088E+01  0.6088E+01
   22.0  0.2393E+03  0.2393E+03  0.2575E+02  0.2575E+02  0.5705E+01  0.5705E+01
   24.0  0.2231E+03  0.2231E+03  0.2405E+02  0.2405E+02  0.5328E+01  0.5328E+01
   26.0  0.2081E+03  0.2081E+03  0.2247E+02  0.2247E+02  0.4979E+01  0.4979E+01
   28.0  0.1926E+03  0.1926E+03  0.2083E+02  0.2083E+02  0.4616E+01  0.4616E+01
   30.0  0.1774E+03  0.1774E+03  0.1922E+02  0.1922E+02  0.4260E+01  0.4260E+01
   32.0  0.1625E+03  0.1625E+03  0.1766E+02  0.1766E+02  0.3913E+01  0.3913E+01
   34.0  0.1481E+03  0.1481E+03  0.1613E+02  0.1613E+02  0.3575E+01  0.3575E+01
   36.0  0.1358E+03  0.1358E+03  0.1482E+02  0.1482E+02  0.3285E+01  0.3285E+01
   38.0  0.1230E+03  0.1230E+03  0.1346E+02  0.1346E+02  0.2984E+01  0.2984E+01
   40.0  0.1122E+03  0.1122E+03  0.1231E+02  0.1231E+02  0.2729E+01  0.2729E+01
   42.0  0.1025E+03  0.1025E+03  0.1127E+02  0.1128E+02  0.2500E+01  0.2500E+01
   44.0  0.9382E+02  0.9383E+02  0.1035E+02  0.1035E+02  0.2295E+01  0.2295E+01
   46.0  0.8545E+02  0.8547E+02  0.9451E+01  0.9451E+01  0.2096E+01  0.2096E+01
   48.0  0.7674E+02  0.7677E+02  0.8515E+01  0.8516E+01  0.1888E+01  0.1889E+01
   50.0  0.6593E+02  0.6599E+02  0.7350E+01  0.7352E+01  0.1630E+01  0.1631E+01
   52.0  0.5580E+02  0.5593E+02  0.6258E+01  0.6260E+01  0.1388E+01  0.1389E+01
   54.0  0.4481E+02  0.4509E+02  0.5071E+01  0.5075E+01  0.1126E+01  0.1126E+01
   56.0  0.3443E+02  0.3498E+02  0.3949E+01  0.3957E+01  0.8773E+00  0.8777E+00
   58.0  0.2679E+02  0.2781E+02  0.3139E+01  0.3151E+01  0.6982E+00  0.6988E+00
   60.0  0.2173E+02  0.2368E+02  0.2658E+01  0.2680E+01  0.5933E+00  0.5940E+00
   62.0  0.1702E+02  0.2016E+02  0.2216E+01  0.2253E+01  0.4973E+00  0.4982E+00
   64.0  0.1360E+02  0.1788E+02  0.1915E+01  0.1968E+01  0.4331E+00  0.4342E+00
   66.0  0.1096E+02  0.1601E+02  0.1647E+01  0.1709E+01  0.3746E+00  0.3752E+00
   68.0  0.1001E+02  0.1593E+02  0.1653E+01  0.1731E+01  0.3809E+00  0.3816E+00
   70.0  0.8234E+01  0.1527E+02  0.1506E+01  0.1614E+01  0.3521E+00  0.3542E+00
   72.0  0.6443E+01  0.1454E+02  0.1330E+01  0.1476E+01  0.3176E+00  0.3215E+00
   74.0  0.4709E+01  0.1392E+02  0.1147E+01  0.1349E+01  0.2832E+00  0.2907E+00
   76.0  0.3086E+01  0.1338E+02  0.9394E+00  0.1214E+01  0.2429E+00  0.2570E+00
   78.0  0.1759E+01  0.1298E+02  0.7340E+00  0.1096E+01  0.2016E+00  0.2264E+00
   80.0  0.8117E+00  0.1267E+02  0.5200E+00  0.9712E+00  0.1537E+00  0.1917E+00
   82.0  0.2953E+00  0.1247E+02  0.3276E+00  0.8633E+00  0.1085E+00  0.1594E+00
   84.0  0.8753E-01  0.1236E+02  0.1785E+00  0.7808E+00  0.7073E-01  0.1317E+00
   86.0  0.2444E-01  0.1231E+02  0.9144E-01  0.7352E+00  0.4691E-01  0.1145E+00
   88.0  0.6894E-02  0.1229E+02  0.4546E-01  0.7146E+00  0.3304E-01  0.1055E+00
   90.0  0.1964E-02  0.1228E+02  0.2098E-01  0.7052E+00  0.2391E-01  0.1001E+00
   92.0  0.5934E-03  0.1228E+02  0.9045E-02  0.7011E+00  0.1806E-01  0.9691E-01
   94.0  0.1965E-03  0.1228E+02  0.3754E-02  0.6994E+00  0.1430E-01  0.9509E-01
   96.0  0.7209E-04  0.1228E+02  0.1572E-02  0.6988E+00  0.1196E-01  0.9443E-01
   98.0  0.2894E-04  0.1228E+02  0.6844E-03  0.6987E+00  0.1039E-01  0.9437E-01
  100.0  0.1025E-04  0.1228E+02  0.2587E-03  0.6987E+00  0.8955E-02  0.9590E-01
  102.0  0.2548E-05  0.1228E+02  0.6985E-04  0.6986E+00  0.5595E-02  0.9547E-01
  104.0  0.5997E-06  0.1228E+02  0.1784E-04  0.6986E+00  0.3493E-02  0.9465E-01
  106.0  0.1305E-06  0.1228E+02  0.4256E-05  0.6986E+00  0.2159E-02  0.9396E-01
  108.0  0.2737E-07  0.1228E+02  0.9854E-06  0.6986E+00  0.1304E-02  0.9346E-01
  110.0  0.5497E-08  0.1228E+02  0.2212E-06  0.6986E+00  0.7420E-03  0.9312E-01
  112.0  0.1226E-08  0.1228E+02  0.5407E-07  0.6986E+00  0.3852E-03  0.9290E-01
  116.0  0.3167E-10  0.1228E+02  0.2070E-08  0.6986E+00  0.6918E-04  0.9265E-01
  120.0  0.2513E-11  0.1228E+02  0.4515E-09  0.6986E+00  0.2377E-04  0.9259E-01
  124.0  0.1509E-11  0.1228E+02  0.3613E-09  0.6986E+00  0.1734E-04  0.9258E-01
  128.0  0.1130E-11  0.1228E+02  0.2634E-09  0.6986E+00  0.1051E-04  0.9258E-01
  132.0  0.6935E-12  0.1228E+02  0.1495E-09  0.6986E+00  0.5019E-05  0.9258E-01
  136.0  0.3055E-12  0.1228E+02  0.6291E-10  0.6986E+00  0.1955E-05  0.9258E-01
  140.0  0.7909E-13  0.1228E+02  0.1687E-10  0.6986E+00  0.5794E-06  0.9258E-01
  144.0  0.8955E-14  0.1228E+02  0.2356E-11  0.6986E+00  0.1176E-06  0.9258E-01
  148.0  0.0000E+00  0.1228E+02  0.0000E+00  0.6986E+00  0.0000E+00  0.9258E-01
