           2          66
   0.0000000000000000        3.9130540585574636E-007   3.6018169339513406E-005
   2.0000000000000000        3.9130540585574636E-007   3.6018169339513406E-005
   4.0000000000000000        1.5317884844989749E-006   0.0000000000000000     
   6.0000000000000000        2.6670297756936634E-006   4.5022814447293058E-005
   8.0000000000000000        1.1103647921117954E-005  -4.9525497161084786E-005
   10.000000000000000        4.6837223635520786E-005   5.5803007853683084E-005
   12.000000000000000        4.2510488128755242E-005   1.7874056165735744E-017
   14.000000000000000        6.3649291405454278E-005   7.0750837039668113E-005
   16.000000000000000        8.6828775238245726E-005   8.0857891589403152E-005
   18.000000000000000        7.1177237259689718E-005   9.2140428023412824E-005
   20.000000000000000        2.3532309569418430E-004   2.0852382294833660E-004
   22.000000000000000        3.8812126149423420E-004   3.4959719050675631E-004
   24.000000000000000        6.7528570070862770E-004   6.8310339702293277E-004
   26.000000000000000        1.7164089949801564E-003   1.4421860687434673E-003
   28.000000000000000        3.7989034317433834E-003   3.0615162104368210E-003
   30.000000000000000        6.5630194731056690E-003   5.0998479127883911E-003
   32.000000000000000        1.0348237119615078E-002   8.0212317407131195E-003
   34.000000000000000        1.3723898679018021E-002   1.1116480454802513E-002
   36.000000000000000        1.7341261729598045E-002   1.5143073163926601E-002
   38.000000000000000        2.2070311009883881E-002   1.9413847476243973E-002
   40.000000000000000        2.5545978918671608E-002   2.3819824680685997E-002
   42.000000000000000        3.1514465808868408E-002   3.1696416437625885E-002
   44.000000000000000        4.1099831461906433E-002   4.3369475752115250E-002
   46.000000000000000        5.4744075983762741E-002   5.9258949011564255E-002
   48.000000000000000        7.4730306863784790E-002   8.2986421883106232E-002
   50.000000000000000        9.0357102453708649E-002  0.10186288505792618     
   52.000000000000000       0.10475356876850128       0.12565843760967255     
   54.000000000000000       0.10799808055162430       0.13630548119544983     
   56.000000000000000       0.10069938004016876       0.13360948860645294     
   58.000000000000000        9.2911563813686371E-002  0.12425197660923004     
   60.000000000000000       0.11052402853965759       0.14188857376575470     
   62.000000000000000       0.13219290971755981       0.15809132158756256     
   64.000000000000000       0.14302384853363037       0.17186798155307770     
   66.000000000000000       0.13851718604564667       0.16213473677635193     
   68.000000000000000       0.18169048428535461       0.22602786123752594     
   70.000000000000000       0.37181150913238525       0.37465566396713257     
   72.000000000000000       0.45060214400291443       0.44600805640220642     
   74.000000000000000       0.50313413143157959       0.51045876741409302     
   76.000000000000000       0.52608126401901245       0.54487282037734985     
   78.000000000000000       0.49461674690246582       0.54149711132049561     
   80.000000000000000       0.38979995250701904       0.47500666975975037     
   82.000000000000000       0.21506987512111664       0.34194016456604004     
   84.000000000000000        3.6293063312768936E-002  0.20538085699081421     
   86.000000000000000       -8.0289423465728760E-002  0.11694367974996567     
   88.000000000000000      -0.12276760488748550        7.6314091682434082E-002
   90.000000000000000      -0.14544029533863068        6.6685795783996582E-002
   92.000000000000000      -0.16191647946834564        4.5813456177711487E-002
   94.000000000000000      -0.17662775516510010        6.8818487226963043E-002
   96.000000000000000      -0.19434106349945068       0.11531454324722290     
   98.000000000000000      -0.22787179052829742        1.0331903584301472E-002
   100.00000000000000      -0.30369246006011963       0.48579892516136169     
   102.00000000000000      -0.54900556802749634       0.50424844026565552     
   104.00000000000000      -0.73063683509826660      -0.21953171491622925     
   106.00000000000000      -0.85916882753372192       0.38560885190963745     
   108.00000000000000       -1.1005049943923950       0.36391174793243408     
   110.00000000000000       -1.5740374326705933       0.32373866438865662     
   112.00000000000000       -1.5523623228073120       0.28325930237770081     
   116.00000000000000      -0.52122610807418823       0.20259816944599152     
   120.00000000000000      -0.53803575038909912        6.5899156033992767E-002
   124.00000000000000      -0.59588187932968140        3.2440643757581711E-002
   128.00000000000000       -1.1609177589416504       0.10899992287158966     
   132.00000000000000       -2.0752937793731689       0.31143921613693237     
   136.00000000000000       -2.9602203369140625       0.60054272413253784     
   140.00000000000000       -3.7720751762390137       0.87883925437927246     
   144.00000000000000       -4.3448300361633301       0.86230361461639404     
   148.00000000000000       -3.7102966308593750       0.51057153940200806     
