           2          66
   0.0000000000000000        560.42791748046875        560.40002441406250     
   2.0000000000000000        541.09979248046875        541.09997558593750     
   4.0000000000000000        521.84472656250000        521.90002441406250     
   6.0000000000000000        502.66998291015625        502.59997558593750     
   8.0000000000000000        483.56408691406250        483.58999633789062     
   10.000000000000000        464.50451660156250        464.54000854492188     
   12.000000000000000        445.60369873046875        445.62002563476562     
   14.000000000000000        429.06677246093750        429.02999877929688     
   16.000000000000000        412.68090820312500        412.67001342773438     
   18.000000000000000        396.34918212890625        396.34002685546875     
   20.000000000000000        377.69805908203125        377.73001098632812     
   22.000000000000000        358.04498291015625        358.01000976562500     
   24.000000000000000        338.39056396484375        338.39999389648438     
   26.000000000000000        319.61306762695312        319.60998535156250     
   28.000000000000000        299.27310180664062        299.27999877929688     
   30.000000000000000        278.45452880859375        278.45999145507812     
   32.000000000000000        257.07702636718750        257.07998657226562     
   34.000000000000000        235.64683532714844        235.65000915527344     
   36.000000000000000        215.93504333496094        215.94000244140625     
   38.000000000000000        195.54667663574219        195.54998779296875     
   40.000000000000000        177.26184082031250        177.25999450683594     
   42.000000000000000        159.98941040039062        159.99000549316406     
   44.000000000000000        143.42999267578125        143.43000793457031     
   46.000000000000000        126.68440246582031        126.68000030517578     
   48.000000000000000        109.03716278076172        109.04000091552734     
   50.000000000000000        89.499992370605469        89.500000000000000     
   52.000000000000000        71.309989929199219        71.309997558593750     
   54.000000000000000        53.847000122070312        53.847003936767578     
   56.000000000000000        39.080005645751953        39.080001831054688     
   58.000000000000000        28.643999099731445        28.643999099731445     
   60.000000000000000        21.585100173950195        21.585100173950195     
   62.000000000000000        15.950798988342285        15.950799942016602     
   64.000000000000000        11.992200851440430        11.992199897766113     
   66.000000000000000        9.2118606567382812        9.2118597030639648     
   68.000000000000000        7.5692806243896484        7.5692801475524902     
   70.000000000000000        5.5905623435974121        5.5905618667602539     
   72.000000000000000        3.8842535018920898        3.8842549324035645     
   74.000000000000000        2.5382554531097412        2.5384376049041748     
   76.000000000000000        1.5337219238281250        1.5338085889816284     
   78.000000000000000       0.85612267255783081       0.85614943504333496     
   80.000000000000000       0.42961311340332031       0.42961877584457397     
   82.000000000000000       0.19794099032878876       0.19794182479381561     
   84.000000000000000        8.7957449257373810E-002   8.7957464158535004E-002
   86.000000000000000        4.2591448873281479E-002   4.2591463774442673E-002
   88.000000000000000        2.3251233622431755E-002   2.3251242935657501E-002
   90.000000000000000        1.3824621215462685E-002   1.3824621215462685E-002
   92.000000000000000        9.0092085301876068E-003   9.0092094615101814E-003
   94.000000000000000        6.4112171530723572E-003   6.4112180843949318E-003
   96.000000000000000        4.8657376319169998E-003   4.8657399602234364E-003
   98.000000000000000        3.7864649202674627E-003   3.7864646874368191E-003
   100.00000000000000        2.6652438100427389E-003   2.6652428787201643E-003
   102.00000000000000        1.4090890763327479E-003   1.4090879121795297E-003
   104.00000000000000        7.3323020478710532E-004   7.3323084507137537E-004
   106.00000000000000        3.7360971327871084E-004   3.7361041177064180E-004
   108.00000000000000        1.8210224516224116E-004   1.8210343841928989E-004
   110.00000000000000        6.0637958085862920E-005   8.1191108620259911E-005
   112.00000000000000        1.1604203791648615E-005   3.3290369174210355E-005
   116.00000000000000        2.3127054191718344E-006   3.6320313938631443E-006
   120.00000000000000        9.1590800366248004E-007   9.1590771944538574E-007
   124.00000000000000        5.9330494650566834E-007   5.9330500334908720E-007
   128.00000000000000        3.4570285833979142E-007   3.4570302887004800E-007
   132.00000000000000        1.6420149506757298E-007   1.6420149506757298E-007
   136.00000000000000        6.4010635014710715E-008   6.4010592382146569E-008
   140.00000000000000        1.8760182740606979E-008   1.8760172082465942E-008
   144.00000000000000        3.6340317421945656E-009   3.6340310760607508E-009
   148.00000000000000        0.0000000000000000        0.0000000000000000     
