           2          66
   0.0000000000000000        560.42822265625000        560.40002441406250     
   2.0000000000000000        541.10113525390625        541.20001220703125     
   4.0000000000000000        521.84991455078125        522.00000000000000     
   6.0000000000000000        502.68109130859375        502.79998779296875     
   8.0000000000000000        483.59762573242188        483.69000244140625     
   10.000000000000000        464.62200927734375        464.73999023437500     
   12.000000000000000        445.78875732421875        445.82000732421875     
   14.000000000000000        429.34182739257812        429.33001708984375     
   16.000000000000000        413.06332397460938        413.07000732421875     
   18.000000000000000        396.80886840820312        396.84002685546875     
   20.000000000000000        378.38342285156250        378.42999267578125     
   22.000000000000000        359.06338500976562        359.01000976562500     
   24.000000000000000        339.90328979492188        339.89999389648438     
   26.000000000000000        322.20880126953125        322.02001953125000     
   28.000000000000000        303.97830200195312        303.39001464843750     
   30.000000000000000        286.38983154296875        285.08001708984375     
   32.000000000000000        269.26971435546875        267.00000000000000     
   34.000000000000000        252.65426635742188        249.47000122070312     
   36.000000000000000        238.10716247558594        234.26998901367188     
   38.000000000000000        223.28929138183594        218.77999877929688     
   40.000000000000000        210.35606384277344        205.47999572753906     
   42.000000000000000        198.57194519042969        193.72999572753906     
   44.000000000000000        187.82171630859375        183.30000305175781     
   46.000000000000000        177.43196105957031        173.42999267578125     
   48.000000000000000        166.76368713378906        163.53999328613281     
   50.000000000000000        154.29626464843750        151.97000122070312     
   52.000000000000000        142.42523193359375        141.36000061035156     
   54.000000000000000        130.30488586425781        130.63999938964844     
   56.000000000000000        119.47740173339844        121.09999847412109     
   58.000000000000000        111.90235137939453        114.48999786376953     
   60.000000000000000        107.38196563720703        110.69000244140625     
   62.000000000000000        104.01647949218750        107.76899719238281     
   64.000000000000000        101.82674407958984        105.93599700927734     
   66.000000000000000        100.23507690429688        104.54699707031250     
   68.000000000000000        99.702262878417969        104.28500366210938     
   70.000000000000000        99.281341552734375        103.87599945068359     
   72.000000000000000        98.871566772460938        103.45300292968750     
   74.000000000000000        98.528778076171875        103.12500762939453     
   76.000000000000000        98.241264343261719        102.86299896240234     
   78.000000000000000        98.011833190917969        102.67600250244141     
   80.000000000000000        97.825393676757812        102.54200744628906     
   82.000000000000000        97.682197570800781        102.45100402832031     
   84.000000000000000        97.582099914550781        102.39700317382812     
   86.000000000000000        97.522758483886719        102.37200927734375     
   88.000000000000000        97.490005493164062        102.36100769042969     
   90.000000000000000        97.470924377441406        102.35600280761719     
   92.000000000000000        97.459686279296875        102.35300445556641     
   94.000000000000000        97.452995300292969        102.35200500488281     
   96.000000000000000        97.448837280273438        102.35200500488281     
   98.000000000000000        97.446014404296875        102.35100555419922     
   100.00000000000000        97.443565368652344        102.35200500488281     
   102.00000000000000        97.440940856933594        102.35200500488281     
   104.00000000000000        97.439186096191406        102.35100555419922     
   106.00000000000000        97.438026428222656        102.35100555419922     
   108.00000000000000        97.437255859375000        102.35100555419922     
   110.00000000000000        97.436645507812500        102.35100555419922     
   112.00000000000000        97.436332702636719        102.35100555419922     
   116.00000000000000        97.436248779296875        102.35100555419922     
   120.00000000000000        97.436225891113281        102.35100555419922     
   124.00000000000000        97.436218261718750        102.35100555419922     
   128.00000000000000        97.436210632324219        102.35100555419922     
   132.00000000000000        97.436210632324219        102.35100555419922     
   136.00000000000000        97.436210632324219        102.35100555419922     
   140.00000000000000        97.436210632324219        102.35100555419922     
   144.00000000000000        97.436210632324219        102.35100555419922     
   148.00000000000000        97.436210632324219        102.35100555419922     
