           3
    0.0  0.2824E+03  0.2824E+03  0.1616E+03  0.1616E+03  0.1164E+03  0.1164E+03
    2.0  0.2730E+03  0.2731E+03  0.1559E+03  0.1559E+03  0.1122E+03  0.1122E+03
    4.0  0.2637E+03  0.2638E+03  0.1502E+03  0.1502E+03  0.1080E+03  0.1080E+03
    6.0  0.2543E+03  0.2545E+03  0.1445E+03  0.1445E+03  0.1038E+03  0.1038E+03
    8.0  0.2451E+03  0.2452E+03  0.1389E+03  0.1389E+03  0.9959E+02  0.9959E+02
   10.0  0.2358E+03  0.2360E+03  0.1333E+03  0.1333E+03  0.9544E+02  0.9544E+02
   12.0  0.2266E+03  0.2268E+03  0.1277E+03  0.1277E+03  0.9132E+02  0.9132E+02
   14.0  0.2185E+03  0.2188E+03  0.1228E+03  0.1228E+03  0.8773E+02  0.8773E+02
   16.0  0.2105E+03  0.2109E+03  0.1180E+03  0.1180E+03  0.8417E+02  0.8417E+02
   18.0  0.2025E+03  0.2030E+03  0.1132E+03  0.1132E+03  0.8064E+02  0.8064E+02
   20.0  0.1933E+03  0.1940E+03  0.1078E+03  0.1078E+03  0.7663E+02  0.7663E+02
   22.0  0.1836E+03  0.1846E+03  0.1020E+03  0.1020E+03  0.7241E+02  0.7241E+02
   24.0  0.1738E+03  0.1753E+03  0.9636E+02  0.9636E+02  0.6824E+02  0.6824E+02
   26.0  0.1642E+03  0.1666E+03  0.9106E+02  0.9107E+02  0.6435E+02  0.6435E+02
   28.0  0.1535E+03  0.1576E+03  0.8550E+02  0.8551E+02  0.6028E+02  0.6028E+02
   30.0  0.1422E+03  0.1488E+03  0.8000E+02  0.8002E+02  0.5626E+02  0.5626E+02
   32.0  0.1302E+03  0.1401E+03  0.7458E+02  0.7460E+02  0.5230E+02  0.5230E+02
   34.0  0.1180E+03  0.1318E+03  0.6924E+02  0.6926E+02  0.4841E+02  0.4841E+02
   36.0  0.1063E+03  0.1246E+03  0.6460E+02  0.6463E+02  0.4504E+02  0.4504E+02
   38.0  0.9431E+02  0.1175E+03  0.5973E+02  0.5977E+02  0.4151E+02  0.4151E+02
   40.0  0.8324E+02  0.1114E+03  0.5554E+02  0.5560E+02  0.3848E+02  0.3848E+02
   42.0  0.7255E+02  0.1062E+03  0.5171E+02  0.5180E+02  0.3573E+02  0.3573E+02
   44.0  0.6197E+02  0.1017E+03  0.4822E+02  0.4836E+02  0.3324E+02  0.3324E+02
   46.0  0.5112E+02  0.9763E+02  0.4476E+02  0.4499E+02  0.3080E+02  0.3081E+02
   48.0  0.3978E+02  0.9388E+02  0.4103E+02  0.4143E+02  0.2823E+02  0.2823E+02
   50.0  0.2829E+02  0.9003E+02  0.3625E+02  0.3696E+02  0.2496E+02  0.2498E+02
   52.0  0.1807E+02  0.8681E+02  0.3141E+02  0.3269E+02  0.2183E+02  0.2186E+02
   54.0  0.9817E+01  0.8419E+02  0.2570E+02  0.2806E+02  0.1833E+02  0.1839E+02
   56.0  0.4550E+01  0.8238E+02  0.1963E+02  0.2372E+02  0.1490E+02  0.1500E+02
   58.0  0.1944E+01  0.8139E+02  0.1437E+02  0.2064E+02  0.1233E+02  0.1246E+02
   60.0  0.7851E+00  0.8091E+02  0.1008E+02  0.1885E+02  0.1072E+02  0.1093E+02
   62.0  0.2958E+00  0.8067E+02  0.6447E+01  0.1758E+02  0.9208E+01  0.9519E+01
   64.0  0.1132E+00  0.8057E+02  0.3809E+01  0.1681E+02  0.8070E+01  0.8556E+01
   66.0  0.4686E-01  0.8052E+02  0.2138E+01  0.1633E+02  0.7027E+01  0.7697E+01
   68.0  0.2028E-01  0.8050E+02  0.1131E+01  0.1612E+02  0.6418E+01  0.7665E+01
   70.0  0.7462E-02  0.8049E+02  0.4921E+00  0.1601E+02  0.5091E+01  0.7376E+01
   72.0  0.2555E-02  0.8048E+02  0.1917E+00  0.1594E+02  0.3690E+01  0.7033E+01
   74.0  0.8176E-03  0.8048E+02  0.6862E-01  0.1590E+02  0.2469E+01  0.6745E+01
   76.0  0.2386E-03  0.8048E+02  0.2257E-01  0.1588E+02  0.1511E+01  0.6503E+01
   78.0  0.6242E-04  0.8048E+02  0.6787E-02  0.1587E+02  0.8493E+00  0.6326E+01
   80.0  0.1379E-04  0.8048E+02  0.1805E-02  0.1587E+02  0.4278E+00  0.6192E+01
   82.0  0.2625E-05  0.8048E+02  0.4392E-03  0.1587E+02  0.1975E+00  0.6101E+01
   84.0  0.4611E-06  0.8048E+02  0.1070E-03  0.1587E+02  0.8785E-01  0.6047E+01
   86.0  0.9363E-07  0.8048E+02  0.3137E-04  0.1587E+02  0.4256E-01  0.6022E+01
   88.0  0.2314E-07  0.8048E+02  0.1122E-04  0.1587E+02  0.2324E-01  0.6011E+01
   90.0  0.6504E-08  0.8048E+02  0.4615E-05  0.1587E+02  0.1382E-01  0.6006E+01
   92.0  0.2246E-08  0.8048E+02  0.2207E-05  0.1587E+02  0.9007E-02  0.6003E+01
   94.0  0.1007E-08  0.8048E+02  0.1217E-05  0.1587E+02  0.6410E-02  0.6002E+01
   96.0  0.5622E-09  0.8048E+02  0.7393E-06  0.1587E+02  0.4865E-02  0.6002E+01
   98.0  0.3485E-09  0.8048E+02  0.4643E-06  0.1587E+02  0.3786E-02  0.6001E+01
  100.0  0.1737E-09  0.8048E+02  0.2426E-06  0.1587E+02  0.2665E-02  0.6002E+01
  102.0  0.4872E-10  0.8048E+02  0.8790E-07  0.1587E+02  0.1409E-02  0.6002E+01
  104.0  0.1310E-10  0.8048E+02  0.3085E-07  0.1587E+02  0.7332E-03  0.6001E+01
  106.0  0.3325E-11  0.8048E+02  0.1042E-07  0.1587E+02  0.3736E-03  0.6001E+01
  108.0  0.8118E-12  0.8048E+02  0.3438E-08  0.1587E+02  0.1821E-03  0.6001E+01
  110.0  0.1919E-12  0.8048E+02  0.1110E-08  0.1587E+02  0.8119E-04  0.6001E+01
  112.0  0.4937E-13  0.8048E+02  0.3682E-09  0.1587E+02  0.3329E-04  0.6001E+01
  116.0  0.2069E-14  0.8048E+02  0.3136E-10  0.1587E+02  0.3632E-05  0.6001E+01
  120.0  0.6707E-15  0.8048E+02  0.7693E-11  0.1587E+02  0.9159E-06  0.6001E+01
  124.0  0.6011E-15  0.8048E+02  0.5025E-11  0.1587E+02  0.5933E-06  0.6001E+01
  128.0  0.4757E-15  0.8048E+02  0.3022E-11  0.1587E+02  0.3457E-06  0.6001E+01
  132.0  0.2903E-15  0.8048E+02  0.1491E-11  0.1587E+02  0.1642E-06  0.6001E+01
  136.0  0.1276E-15  0.8048E+02  0.5940E-12  0.1587E+02  0.6401E-07  0.6001E+01
  140.0  0.3429E-16  0.8048E+02  0.1716E-12  0.1587E+02  0.1876E-07  0.6001E+01
  144.0  0.4133E-17  0.8048E+02  0.3109E-13  0.1587E+02  0.3634E-08  0.6001E+01
  148.0  0.0000E+00  0.8048E+02  0.0000E+00  0.1587E+02  0.0000E+00  0.6001E+01
