TRP_CO2.330ppm                                                             
           1         101
CO2
  0.0000000E+00   1.000000       299.7000      8.0850000E+20
   1.000000      0.8924000       293.7000      7.3619998E+20
   2.000000      0.7947000       287.7000      6.6920000E+20
   3.000000      0.7058000       283.7000      6.0289998E+20
   4.000000      0.6249000       277.0000      5.4649999E+20
   5.000000      0.5518000       270.3000      4.9470001E+20
   6.000000      0.4857000       263.6000      4.4649999E+20
   7.000000      0.4265000       257.0000      4.0190000E+20
   8.000000      0.3731000       250.3000      3.6140001E+20
   9.000000      0.3248000       243.6000      3.2299999E+20
   10.00000      0.2823000       237.0000      2.8870000E+20
   11.00000      0.2438000       230.1000      2.5670001E+20
   12.00000      0.2103000       223.6000      2.2780000E+20
   13.00000      0.1797000       217.0000      2.0060000E+20
   14.00000      0.1540000       210.3000      1.7740001E+20
   15.00000      0.1303000       203.7000      1.5500000E+20
   16.00000      0.1096000       197.0000      1.3480000E+20
   17.00000      9.2500001E-02   194.8000      1.1500000E+20
   18.00000      7.7890001E-02   198.8000      9.4939997E+19
   19.00000      6.5750003E-02   202.7000      7.8570001E+19
   20.00000      5.5769999E-02   206.7000      6.5369999E+19
   21.00000      4.7380000E-02   210.7000      5.4480001E+19
   22.00000      4.0380001E-02   214.6000      4.5569998E+19
   23.00000      3.4550000E-02   217.0000      3.8579998E+19
   24.00000      2.9619999E-02   219.2000      3.2739999E+19
   25.00000      2.5370000E-02   221.4000      2.7759999E+19
   26.00000      2.1800000E-02   223.7000      2.3599999E+19
   27.00000      1.8750001E-02   225.9000      2.0110000E+19
   28.00000      1.6160000E-02   228.1000      1.7160000E+19
   29.00000      1.3940000E-02   230.2000      1.4660000E+19
   30.00000      1.2040000E-02   232.3000      1.2560000E+19
   31.00000      1.0420000E-02   234.5000      1.0770000E+19
   32.00000      9.0309996E-03   236.6000      9.2430005E+18
   33.00000      7.8360001E-03   238.8000      7.9480001E+18
   34.00000      6.8080002E-03   240.9000      6.8429997E+18
   35.00000      5.9230002E-03   243.1000      5.9009997E+18
   36.00000      5.1600002E-03   245.2000      5.0950000E+18
   37.00000      4.4999998E-03   247.4000      4.4060001E+18
   38.00000      3.9309999E-03   249.6000      3.8140000E+18
   39.00000      3.4380001E-03   251.8000      3.3070000E+18
   40.00000      3.0110001E-03   254.0000      2.8710000E+18
   41.00000      2.6410001E-03   256.2000      2.4970000E+18
   42.00000      2.3180000E-03   258.3000      2.1730000E+18
   43.00000      2.0349999E-03   260.5000      1.8920000E+18
   44.00000      1.7870000E-03   262.6000      1.6480000E+18
   45.00000      1.5700000E-03   264.8000      1.4360000E+18
   46.00000      1.3820000E-03   267.2000      1.2530000E+18
   47.00000      1.2190000E-03   269.0000      1.0970000E+18
   48.00000      1.0760000E-03   270.1000      9.6530002E+17
   49.00000      9.5189997E-04   270.5000      8.5240003E+17
   50.00000      8.4300002E-04   270.2000      7.5569998E+17
   51.00000      7.4470002E-04   269.1000      6.7020003E+17
   52.00000      6.5740000E-04   267.9000      5.9429998E+17
   53.00000      5.7989999E-04   266.5000      5.2689999E+17
   54.00000      5.1109999E-04   265.0000      4.6700001E+17
   55.00000      4.5009999E-04   263.4000      4.1389999E+17
   56.00000      3.9619999E-04   261.6000      3.6680000E+17
   57.00000      3.4840000E-04   259.7000      3.2490002E+17
   58.00000      3.0620000E-04   257.6000      2.8780000E+17
   59.00000      2.6890001E-04   255.4000      2.5490000E+17
   60.00000      2.3590001E-04   253.1000      2.2580000E+17
   61.00000      2.0680000E-04   249.7000      2.0060000E+17
   62.00000      1.8090000E-04   246.3000      1.7790000E+17
   63.00000      1.5789999E-04   242.8000      1.5740000E+17
   64.00000      1.3750000E-04   239.4000      1.3910000E+17
   65.00000      1.1940000E-04   236.0000      1.2260000E+17
   66.00000      1.0360000E-04   232.6000      1.0780000E+17
   67.00000      8.9590001E-05   229.2000      9.4690002E+16
   68.00000      7.7340002E-05   225.7000      8.2979997E+16
   69.00000      6.6619999E-05   222.3000      7.2570001E+16
   70.00000      5.7260000E-05   218.9000      6.3349999E+16
   71.00000      4.8990001E-05   215.5000      5.5099998E+16
   72.00000      4.1830001E-05   212.0000      4.7810000E+16
   73.00000      3.5630001E-05   208.6000      4.1389999E+16
   74.00000      3.0269999E-05   205.2000      3.5750000E+16
   75.00000      2.5670000E-05   201.8000      3.0800001E+16
   76.00000      2.1710001E-05   198.4000      2.6480000E+16
   77.00000      1.8320001E-05   195.0000      2.2719999E+16
   78.00000      1.5430000E-05   191.6000      1.9439999E+16
   79.00000      1.2960000E-05   188.2000      1.6600000E+16
   80.00000      1.0860000E-05   184.8000      1.4140000E+16
   81.00000      9.0570002E-06   182.7000      1.1880000E+16
   82.00000      7.5480002E-06   180.8000      9.9579998E+15
   83.00000      6.2839999E-06   179.3000      8.3209998E+15
   84.00000      5.2270002E-06   178.0000      6.9330001E+15
   85.00000      4.3440000E-06   177.1000      5.7600000E+15
   86.00000      3.6060001E-06   176.5000      4.7720002E+15
   87.00000      2.9910000E-06   176.1000      3.9410000E+15
   88.00000      2.4789999E-06   176.1000      3.2459999E+15
   89.00000      2.0529999E-06   176.4000      2.6660000E+15
   90.00000      1.6980000E-06   177.0000      2.1820000E+15
   91.00000      1.4080000E-06   178.5000      1.7640000E+15
   92.00000      1.1700000E-06   180.0000      1.4220001E+15
   93.00000      9.7409998E-07   181.5000      1.1430001E+15
   94.00000      8.1259998E-07   182.9000      9.1550000E+14
   95.00000      6.7920001E-07   184.3000      7.3020001E+14
   96.00000      5.6879998E-07   185.7000      5.7969999E+14
   97.00000      4.7729998E-07   187.0000      4.5749998E+14
   98.00000      4.0120000E-07   188.2000      3.5850001E+14
   99.00000      3.3800001E-07   189.5000      2.7860000E+14
   100.0000      2.8529999E-07   190.7000      2.1409999E+14
